5 5 25 
0.0525067 0.0525099 13.8784 -0.000186812 -0.000213084 0.0018439 
0.518678 0.51868 14.6912 -0.000178177 -0.000210156 0.0018086 
0.0471387 1.02983 13.944 -0.000208651 -0.000235597 0.00182797 
0.522855 1.50725 14.7146 -0.000131557 -0.000229274 0.00157316 
0.0473764 2.00859 13.9578 -0.00021412 -0.000458584 0.00159649 
0.521633 2.48629 14.7252 -0.000111746 -0.000461852 -0.00176975 
0.045649 2.98965 13.9649 -0.000221119 -0.000462667 -0.00176573 
0.519245 3.46272 14.7307 -0.000154897 -0.000458051 -0.00177237 
0.0438715 3.97643 13.9665 -0.000219956 -0.000461704 -0.00180126 
0.514534 4.43048 14.7359 -0.000152362 -0.000923769 -0.00183006 
1.02983 0.0471418 13.944 -0.000231067 -0.000203187 0.00183782 
1.50725 0.52286 14.7146 -0.000233373 -0.000119398 0.00170068 
1.02631 1.02631 13.982 -0.000232723 -0.000222388 0.000842588 
1.50761 1.50761 14.7335 -0.000233775 -0.000222637 -0.00180588 
1.02591 2.00451 13.9938 -0.00023538 -0.000458184 -0.00174385 
1.50671 2.48516 14.7427 -0.000230199 -0.000450982 -0.00182191 
1.02421 2.98354 14.0011 -0.00025011 -0.000457119 -0.00173889 
1.50501 3.46125 14.7486 -0.000222106 -0.000455825 -0.0017916 
1.02237 3.96772 14.0049 -0.000239512 -0.000460871 -0.00181297 
1.50155 4.43232 14.7544 -0.000229952 -0.000922275 -0.00184041 
2.00859 0.047377 13.9578 -0.000460777 -0.000198428 0.00140362 
2.48629 0.521636 14.7252 -0.000461022 -0.000129259 -0.00176793 
2.00451 1.02592 13.9938 -0.000461303 -0.000222109 -0.00177696 
2.48515 1.50671 14.7427 -0.000459244 -0.000232841 -0.00167931 
2.00371 2.00372 14.0043 -0.000458392 -0.000458264 -0.00181638 
2.48439 2.48439 14.7508 -0.000463512 -0.000461302 -0.00183917 
2.00201 2.98289 14.0111 -0.000461466 -0.000454545 -0.00176394 
2.48361 3.46053 14.756 -0.000451605 -0.000461836 -0.00182094 
2.00019 3.9675 14.0157 -0.000459816 -0.000452153 -0.00182558 
2.48319 4.43144 14.7612 -0.000451367 -0.00092293 -0.00180525 
2.98964 0.0456491 13.9649 -0.000461269 -0.000203187 -0.00180991 
3.46272 0.519246 14.7307 -0.000460194 -0.000112623 -0.00181861 
2.98353 1.02422 14.0011 -0.000454151 -0.000237058 -0.00181825 
3.46125 1.50501 14.7486 -0.000462953 -0.000228877 -0.00184312 
2.98289 2.00201 14.0111 -0.000457269 -0.000458326 -0.00181386 
3.46053 2.48361 14.756 -0.000459283 -0.000461889 -0.00183384 
2.9812 2.9812 14.0167 -0.000457161 -0.000464623 -0.00181859 
3.46048 3.46048 14.7596 -0.00046176 -0.0004601 -0.00181805 
2.97972 3.96565 14.0195 -0.000462477 -0.000464365 -0.00184227 
3.46355 4.43036 14.7616 -0.000465167 -0.000917938 -0.00184718 
3.97642 0.0438729 13.9665 -0.000452398 -0.0002235 -0.00182767 
4.43048 0.514535 14.7359 -0.00092458 -0.000214268 -0.00183914 
3.96772 1.02237 14.0049 -0.000461472 -0.00023205 -0.00177058 
4.43232 1.50155 14.7544 -0.000910294 -0.000230983 -0.00182458 
3.9675 2.00019 14.0157 -0.000460254 -0.000451296 -0.00183883 
4.43144 2.48319 14.7612 -0.000922531 -0.000456245 -0.00184192 
3.96565 2.97972 14.0195 -0.000463116 -0.00046157 -0.00181423 
4.43036 3.46355 14.7616 -0.000910769 -0.000452639 -0.00183651 
3.96477 3.96477 14.0188 -0.000463243 -0.000463443 -0.00183102 
4.44412 4.44412 14.7513 -0.000920448 -0.000921122 -0.00181704 
0.0503603 0.0503644 15.4594 -0.000172242 -0.000181609 0.00181226 
0.532365 0.53237 16.2701 -0.000117638 -0.000117333 0.00355183 
0.0763643 1.01823 15.4767 -0.00018022 -0.000231118 0.00182829 
0.543156 1.50396 16.2789 -0.000109854 -0.000231272 0.00325461 
0.0734148 1.99159 15.4912 -0.00022298 -0.000231204 0.00152933 
0.542994 2.46964 16.2872 -0.000137619 -0.00046304 -0.00294197 
0.0709322 2.96607 15.4985 -0.00020823 -0.000450772 -0.00184509 
0.53954 3.43076 16.2933 -0.000125523 -0.000453871 -0.00327522 
0.0642239 3.94494 15.5023 -0.000196913 -0.000460881 -0.0017473 
0.528486 4.37404 16.3004 -0.00012089 -0.000923697 -0.00366465 
1.01822 0.0763672 15.4767 -0.000232433 -0.000202317 0.00183064 
1.50396 0.543158 16.2789 -0.00023318 -0.000103397 0.00359415 
1.02383 1.02383 15.4832 -0.000228654 -0.000227905 0.00156034 
1.50798 1.50798 16.2842 -0.000231741 -0.000223505 -0.00358918 
1.0244 1.99275 15.4949 -0.000229258 -0.000226108 -0.00173305 
1.50809 2.46956 16.2914 -0.000229468 -0.000452812 -0.00355933 
1.02302 2.96395 15.5021 -0.000229517 -0.000456911 -0.00170396 
1.50658 3.42731 16.2978 -0.000229168 -0.000456857 -0.00349246 
1.01929 3.93866 15.5077 -0.000231173 -0.000461703 -0.00182538 
1.50186 4.36754 16.3068 -0.000224545 -0.000923383 -0.00365323 
1.99158 0.0734172 15.4912 -0.000232219 -0.000200816 0.00167171 
2.46964 0.542995 16.2872 -0.000459883 -0.000117859 -0.00356536 
1.99275 1.02441 15.4949 -0.00022891 -0.00022439 -0.00181072 
2.46956 1.50809 16.2914 -0.000446075 -0.000225403 -0.00363621 
1.99288 1.99288 15.5049 -0.000227054 -0.000231411 -0.0017465 
2.46971 2.46971 16.2977 -0.000434952 -0.000458595 -0.00340849 
1.99225 2.96345 15.5114 -0.000224183 -0.000458454 -0.00169194 
2.47038 3.42757 16.3034 -0.000442932 -0.000465818 -0.00352983 
1.9912 3.93809 15.5166 -0.000231725 -0.000458554 -0.00182053 
2.47057 4.36791 16.3123 -0.000450034 -0.000923474 -0.00365519 
2.96607 0.070934 15.4985 -0.000456225 -0.000167744 -0.00175351 
3.43076 0.539541 16.2933 -0.000460886 -0.000150244 -0.00356511 
2.96395 1.02302 15.5021 -0.000459735 -0.000237879 -0.00170496 
3.42731 1.50659 16.2978 -0.000423315 -0.000243565 -0.00364224 
2.96345 1.99226 15.5114 -0.00045845 -0.0002294 -0.00175545 
3.42757 2.47038 16.3034 -0.000452796 -0.000462079 -0.00357309 
2.96351 2.96351 15.517 -0.000448951 -0.000451978 -0.00174955 
3.43037 3.43037 16.3076 -0.000458249 -0.000446724 -0.00365654 
2.96578 3.93865 15.5209 -0.000460371 -0.000460014 -0.00183055 
3.43764 4.36999 16.3143 -0.000455809 -0.000920755 -0.00369142 
3.94494 0.0642241 15.5023 -0.000465214 -0.000173392 -0.00172323 
4.37403 0.528485 16.3004 -0.000916251 -0.000111399 -0.00368646 
3.93866 1.01929 15.5077 -0.000447195 -0.000228923 -0.00182785 
4.36754 1.50187 16.3068 -0.00091747 -0.000241012 -0.0036052 
3.93808 1.9912 15.5166 -0.000459052 -0.000229577 -0.00178709 
4.36791 2.47057 16.3123 -0.000922989 -0.000440287 -0.00361686 
3.93865 2.96578 15.5209 -0.000461009 -0.000458445 -0.00182262 
4.36998 3.43765 16.3143 -0.000914852 -0.000461641 -0.00353853 
3.94613 3.94613 15.5217 -0.000460768 -0.000451323 -0.00176934 
4.40181 4.40181 16.3113 -0.000911796 -0.000917641 -0.00368908 
0.0769895 0.0769933 17.0808 -0.000169318 -0.000158354 0.00361791 
0.550217 0.55022 17.9276 -0.000114718 -0.000118814 0.00353594 
0.118687 1.02995 17.0926 -0.000166714 -0.000234053 0.00358554 
0.565931 1.50932 17.9334 -9.6548e-05 -0.000216763 0.00284129 
0.120132 1.98697 17.0999 -0.000164452 -0.000221317 0.000625279 
0.566949 2.45856 17.9385 -0.000115849 -0.000460766 -0.00341437 
0.117058 2.94659 17.1059 -0.000173188 -0.000461799 -0.00356196 
0.562506 3.4021 17.9429 -0.000125109 -0.000458977 -0.00359066 
0.104878 3.9134 17.1099 -0.000201976 -0.000460319 -0.00367382 
0.545556 4.32198 17.9467 -0.000122275 -0.0009117 -0.00360626 
1.02995 0.118691 17.0926 -0.000230979 -0.000164038 0.00365795 
1.50932 0.565933 17.9334 -0.000228321 -0.000115582 0.00359739 
1.04082 1.04082 17.095 -0.000224458 -0.000226336 0.000504313 
1.51562 1.51562 17.9359 -0.000223591 -0.000231746 -0.00324962 
1.04408 1.98864 17.1001 -0.000229254 -0.000232622 -0.00342086 
1.51651 2.45817 17.9399 -0.000227433 -0.000443449 -0.00356796 
1.04278 2.94205 17.1058 -0.000226451 -0.000459214 -0.00366496 
1.51467 3.39593 17.9449 -0.000233416 -0.000452713 -0.00360139 
1.03609 3.90128 17.1117 -0.000226052 -0.000460268 -0.0035847 
1.50728 4.31075 17.9504 -0.000222981 -0.000923865 -0.00350631 
1.98696 0.120134 17.0999 -0.000225924 -0.000174146 0.00185941 
2.45856 0.56695 17.9385 -0.000452305 -0.000110487 -0.00321963 
1.98863 1.04408 17.1001 -0.000201224 -0.00023218 -0.00350355 
2.45817 1.51651 17.9399 -0.000459268 -0.000228118 -0.00338236 
1.99003 1.99004 17.1037 -0.000233809 -0.000231141 -0.00357808 
2.45866 2.45866 17.9431 -0.000453412 -0.00046405 -0.00365849 
1.99002 2.94144 17.1089 -0.000208449 -0.000460466 -0.0036436 
2.46003 3.39591 17.9477 -0.000463315 -0.000453506 -0.00355209 
1.98875 3.89903 17.1152 -0.000222624 -0.000457272 -0.00367586 
2.46095 4.31007 17.9533 -0.000453963 -0.000916674 -0.00364861 
2.94658 0.117058 17.1059 -0.000463529 -0.000160583 -0.00362133 
3.4021 0.562508 17.9429 -0.000461311 -0.000119004 -0.00319296 
2.94205 1.04279 17.1058 -0.000452011 -0.000196935 -0.00363279 
3.39593 1.51467 17.9449 -0.000459371 -0.000222723 -0.00352362 
2.94144 1.99002 17.1089 -0.000462831 -0.000220744 -0.00357682 
3.39591 2.46003 17.9477 -0.000459901 -0.000464234 -0.00348151 
2.94251 2.94251 17.1133 -0.000440465 -0.000436181 -0.00366317 
3.40032 3.40032 17.951 -0.000460322 -0.000459954 -0.0035726 
2.9472 3.90084 17.1186 -0.000457292 -0.000447954 -0.00366591 
3.41267 4.3139 17.9549 -0.000451656 -0.000907175 -0.0036244 
3.9134 0.104879 17.1099 -0.000456193 -0.000116678 -0.00361465 
4.32197 0.545558 17.9467 -0.000923683 -0.000140705 -0.00368008 
3.90127 1.03609 17.1117 -0.000452502 -0.000231869 -0.00360088 
4.31075 1.50729 17.9504 -0.000910497 -0.000226406 -0.00361568 
3.89902 1.98875 17.1152 -0.000460104 -0.000233104 -0.00355982 
4.31006 2.46095 17.9533 -0.000919962 -0.000465273 -0.00366355 
3.90083 2.9472 17.1186 -0.000461665 -0.000462157 -0.00365021 
4.31389 3.41267 17.9549 -0.000917264 -0.00046338 -0.00358788 
3.91394 3.91394 17.1208 -0.000451507 -0.000443284 -0.00355684 
4.36082 4.36082 17.9503 -0.000913684 -0.000913318 -0.00368653 
0.104231 0.104233 18.7773 -0.000151044 -0.000142167 0.00369166 
0.567478 0.56748 19.6627 -0.000117413 -0.000118493 0.00365917 
0.159145 1.04278 18.7884 -0.000167541 -0.00022857 0.00356152 
0.58666 1.51567 19.6681 -0.000109066 -0.000224934 0.00261311 
0.161924 1.98642 18.7935 -0.000158211 -0.000229149 -0.000165793 
0.588093 2.45133 19.6716 -0.000110786 -0.00045687 -0.00328889 
0.15925 2.93283 18.7972 -0.000128218 -0.000465742 -0.00369327 
0.583474 3.37966 19.6739 -0.000125911 -0.000453973 -0.00343979 
0.144254 3.8891 18.799 -0.000153563 -0.000458793 -0.00361191 
0.560981 4.27844 19.6746 -0.000109666 -0.000922703 -0.00365443 
1.04278 0.159148 18.7884 -0.000222527 -0.000129888 0.00351293 
1.51566 0.586661 19.6681 -0.000228408 -0.000111964 0.00291961 
1.05836 1.05837 18.7908 -0.000221207 -0.00022454 6.99791e-05 
1.52351 1.52351 19.6703 -0.000204289 -0.000228205 -0.00318219 
1.06291 1.98856 18.7942 -0.000229872 -0.000226747 -0.00327411 
1.52469 2.45046 19.6729 -0.000224575 -0.000461668 -0.00317814 
1.06183 2.9253 18.7978 -0.000229119 -0.000461306 -0.00358314 
1.52279 3.37132 19.6756 -0.000216889 -0.000458911 -0.00357009 
1.05312 3.8708 18.801 -0.000221768 -0.000448978 -0.00368028 
1.51287 4.26423 19.6778 -0.000219817 -0.000912356 -0.0036375 
1.98641 0.161926 18.7935 -0.000227814 -0.000158119 -0.0010035 
2.45133 0.588093 19.6716 -0.000456383 -0.000118287 -0.00338038 
1.98856 1.06291 18.7942 -0.000231398 -0.000228311 -0.00368874 
2.45046 1.52469 19.6729 -0.000454352 -0.000214052 -0.00351491 
1.99047 1.99048 18.7962 -0.00023096 -0.000232108 -0.00357313 
2.451 2.451 19.6748 -0.000460301 -0.000460702 -0.0036138 
1.99067 2.92428 18.7994 -0.000227401 -0.000454448 -0.00358438 
2.4527 3.37111 19.6773 -0.000454962 -0.00046121 -0.00347171 
1.98911 3.86754 18.8032 -0.000240201 -0.000455084 -0.0036888 
2.45432 4.26318 19.6794 -0.000456996 -0.000911586 -0.00342792 
2.93283 0.159251 18.7972 -0.000460726 -0.000155614 -0.00354021 
3.37966 0.583473 19.6739 -0.000462194 -0.000115065 -0.00352366 
2.9253 1.06184 18.7978 -0.000461839 -0.00023474 -0.00361037 
3.37132 1.52279 19.6756 -0.000462958 -0.000214292 -0.0036518 
2.92428 1.99067 18.7994 -0.000455681 -0.000229354 -0.00368 
3.37112 2.4527 19.6773 -0.000444108 -0.000465616 -0.00360787 
2.92561 2.92561 18.8019 -0.000455901 -0.000415721 -0.00363589 
3.3761 3.3761 19.6784 -0.000463025 -0.000442284 -0.00366808 
2.93216 3.86956 18.8049 -0.0004659 -0.000448434 -0.00341506 
3.39319 4.26694 19.6792 -0.000457086 -0.000890032 -0.00364746 
3.8891 0.144256 18.799 -0.000461093 -0.000180833 -0.00366651 
4.27844 0.560983 19.6745 -0.000923053 -0.000124795 -0.00352888 
3.8708 1.05312 18.801 -0.000457419 -0.000222733 -0.00348085 
4.26423 1.51287 19.6778 -0.00091943 -0.00023541 -0.00343106 
3.86753 1.98911 18.8032 -0.000447398 -0.000237225 -0.00366533 
4.26318 2.45432 19.6794 -0.000893303 -0.000460492 -0.00369383 
3.86956 2.93216 18.8049 -0.000451528 -0.00043807 -0.00364678 
4.26695 3.39319 19.6792 -0.00091923 -0.00046136 -0.00362044 
3.88676 3.88676 18.805 -0.000427319 -0.000460086 -0.00353856 
4.32663 4.32663 19.6719 -0.000918815 -0.000922934 -0.00362784 
0.129405 0.129406 20.5488 -0.000107359 -0.000134507 0.00363372 
0.583819 0.58382 21.471 -0.000128484 -0.000113272 0.00342904 
0.195602 1.05488 20.5601 -0.000137366 -0.000229019 0.00354441 
0.605771 1.52222 21.4765 -0.000124044 -0.000212367 0.0025695 
0.198534 1.98728 20.5645 -0.000146646 -0.000228237 -0.000460985 
0.607307 2.44624 21.4792 -0.000104773 -0.000450819 -0.00341033 
0.196305 2.92293 20.5668 -0.00014105 -0.000461951 -0.00361536 
0.60276 3.36149 21.48 -0.000101351 -0.000439008 -0.00355281 
0.179521 3.87026 20.5666 -0.000122758 -0.00046108 -0.00368118 
0.574923 4.24184 21.4785 -0.000106179 -0.000916435 -0.00364167 
1.05487 0.195604 20.5601 -0.000223981 -0.000118206 0.00364059 
1.52222 0.605772 21.4765 -0.000227366 -0.000102852 0.00290388 
1.07477 1.07477 20.5631 -0.000223652 -0.000231973 0.000721844 
1.53134 1.53134 21.4788 -0.000230294 -0.000226374 -0.00360793 
1.07982 1.98984 20.5661 -0.000213187 -0.000228213 -0.00283028 
1.53261 2.4449 21.4807 -0.000205397 -0.000459138 -0.00334391 
1.07897 2.91256 20.5682 -0.000223076 -0.000456151 -0.00350991 
1.53076 3.35128 21.4818 -0.000231622 -0.000454722 -0.00352419 
1.0687 3.84607 20.5693 -0.000227386 -0.000456606 -0.00363119 
1.5184 4.2254 21.4817 -0.000227421 -0.0009239 -0.00369042 
1.98728 0.198534 20.5645 -0.000227297 -0.000101358 -0.000397138 
2.44624 0.607306 21.4792 -0.000460143 -0.000114352 -0.00357693 
1.98984 1.07982 20.5661 -0.000232402 -0.000223353 -0.00348719 
2.4449 1.53261 21.4807 -0.000425703 -0.000236493 -0.00353492 
1.99196 1.99196 20.5677 -0.000233933 -0.000220982 -0.00344087 
2.44547 2.44547 21.4819 -0.000446923 -0.000454477 -0.0036043 
1.99228 2.9113 20.5695 -0.000231293 -0.000452364 -0.00316674 
2.4474 3.35103 21.4827 -0.000458009 -0.000457786 -0.00356515 
1.99049 3.84236 20.571 -0.000187051 -0.000461041 -0.00369001 
2.44966 4.22428 21.4825 -0.000461628 -0.000919819 -0.0036201 
2.92293 0.196305 20.5668 -0.000459522 -0.000124837 -0.0032302 
3.36149 0.60276 21.48 -0.000462844 -0.000129173 -0.00358968 
2.91256 1.07897 20.5682 -0.000456262 -0.000229088 -0.0036092 
3.35128 1.53076 21.4818 -0.000447057 -0.000232582 -0.00367298 
2.9113 1.99228 20.5695 -0.000447315 -0.000219739 -0.00360501 
3.35103 2.4474 21.4827 -0.000457364 -0.000449947 -0.00351314 
2.91267 2.91267 20.5706 -0.000454464 -0.000458016 -0.00348773 
3.35626 3.35626 21.4822 -0.000434512 -0.000453371 -0.00350378 
2.92071 3.84431 20.5713 -0.000459534 -0.000431565 -0.00366263 
3.37772 4.22761 21.4807 -0.000438663 -0.000923978 -0.00367569 
3.87026 0.179521 20.5666 -0.000454911 -9.00642e-05 -0.00346574 
4.24184 0.574921 21.4785 -0.000920868 -0.000106183 -0.00348365 
3.84607 1.06869 20.5693 -0.000457599 -0.000228376 -0.00353626 
4.2254 1.5184 21.4817 -0.000915042 -0.00021827 -0.00363757 
3.84236 1.99049 20.571 -0.000461006 -0.000198359 -0.00355618 
4.22428 2.44966 21.4825 -0.000921461 -0.000462008 -0.00364554 
3.84431 2.92071 20.5713 -0.000461291 -0.000460528 -0.00363064 
4.22761 3.37772 21.4807 -0.000886162 -0.000428816 -0.00366312 
3.86463 3.86463 20.5691 -0.000452203 -0.000454625 -0.00367225 
4.29816 4.29816 21.4712 -0.000913403 -0.000921059 -0.00359502 
0.152497 0.152498 22.3912 -0.000101663 -8.08642e-05 0.00356453 
0.599328 0.599328 23.3481 -0.000109939 -0.000124323 0.00363743 
0.228498 1.06619 22.403 -8.66272e-05 -0.000233294 0.00364779 
0.623684 1.5288 23.3538 -0.00010546 -0.000230147 0.00299023 
0.231199 1.98884 22.4071 -9.91508e-05 -0.00022901 -0.000123271 
0.625187 2.44244 23.356 -0.000119667 -0.000457708 -0.00338115 
0.229385 2.91521 22.4085 -8.59407e-05 -0.00045088 -0.00355707 
0.620783 3.34613 23.3557 -0.000131854 -0.000438273 -0.00361344 
0.211046 3.85476 22.4068 -9.83696e-05 -0.000460302 -0.00366646 
0.587738 4.21031 23.3529 -0.000100472 -0.000917957 -0.00366801 
1.06618 0.228498 22.403 -0.000224222 -0.00010711 0.00360569 
1.5288 0.623685 23.3538 -0.000232911 -0.000116791 0.00294397 
1.09014 1.09013 22.4066 -0.000231419 -0.00023021 0.00105262 
1.53905 1.53906 23.3563 -0.000213493 -0.000236458 -0.00352539 
1.0954 1.99184 22.4095 -0.000230052 -0.000230981 -0.00346072 
1.54035 2.44067 23.3577 -0.000222104 -0.000454113 -0.00336269 
1.09475 2.90218 22.4106 -0.000213597 -0.000446156 -0.00322255 
1.53858 3.33422 23.3577 -0.000223774 -0.00046016 -0.00344422 
1.08301 3.82497 22.4101 -0.000231405 -0.000443405 -0.00356434 
1.52382 4.19202 23.356 -0.000213939 -0.000906046 -0.00343932 
1.98884 0.231198 22.4071 -0.000226037 -9.73506e-05 -0.000563835 
2.44244 0.625188 23.356 -0.000450769 -0.000106564 -0.00342545 
1.99183 1.0954 22.4095 -0.000223397 -0.000220077 -0.00360084 
2.44067 1.54035 23.3577 -0.000459796 -0.000223966 -0.00353827 
1.99407 1.99407 22.4109 -0.000216796 -0.000216286 -0.00359052 
2.44128 2.44128 23.3584 -0.00045864 -0.000460753 -0.00351774 
1.99449 2.9008 22.4117 -0.000218556 -0.000465053 -0.00313616 
2.44337 3.33403 23.3581 -0.00044929 -0.00046136 -0.00359596 
1.99245 3.8211 22.4115 -0.000228997 -0.000442965 -0.0035969 
2.44623 4.19102 23.3562 -0.00043348 -0.000915415 -0.00363544 
2.91521 0.229386 22.4085 -0.000451452 -0.000127805 -0.00364851 
3.34613 0.620783 23.3557 -0.000458094 -9.78578e-05 -0.00353625 
2.90218 1.09476 22.4106 -0.000454178 -0.000203439 -0.00363382 
3.33422 1.53858 23.3577 -0.000461466 -0.000215762 -0.00365676 
2.9008 1.99449 22.4117 -0.000454075 -0.000229798 -0.00367658 
3.33403 2.44337 23.3581 -0.000446117 -0.000441424 -0.00363528 
2.90217 2.90217 22.4118 -0.000456951 -0.000458146 -0.00369023 
3.33937 3.33937 23.3563 -0.000451984 -0.000404913 -0.00362199 
2.91153 3.82292 22.4109 -0.00045269 -0.00045733 -0.00356607 
3.36489 4.19386 23.3533 -0.00045814 -0.000904497 -0.00363882 
3.85477 0.211046 22.4068 -0.000447405 -0.000144603 -0.00366516 
4.21031 0.58774 23.3529 -0.000917067 -0.000113586 -0.00359379 
3.82497 1.08301 22.4101 -0.000458356 -0.000227969 -0.0032615 
4.19202 1.52382 23.356 -0.000923001 -0.000230816 -0.00358927 
3.8211 1.99245 22.4115 -0.00044287 -0.000177966 -0.00354761 
4.19102 2.44623 23.3562 -0.000885229 -0.000463201 -0.00352513 
3.82292 2.91153 22.4109 -0.000442826 -0.000436225 -0.00345863 
4.19386 3.36489 23.3533 -0.000917749 -0.000448446 -0.0036484 
3.84589 3.84589 22.4069 -0.000461386 -0.000447761 -0.00365818 
4.27381 4.27381 23.3423 -0.000921737 -0.000908716 -0.00367608 
0.173789 0.17379 24.3007 -8.56741e-05 -9.41774e-05 0.00348599 
0.614087 0.614087 25.2903 -0.000105681 -0.000115223 0.00357286 
0.258413 1.07678 24.3128 -7.21416e-05 -0.000232005 0.00356244 
0.640611 1.5353 25.2963 -0.000117984 -0.000219784 0.00340064 
0.260726 1.99075 24.3168 -6.58789e-05 -0.000221753 -0.000543302 
0.641999 2.43951 25.2981 -0.00011234 -0.000456777 -0.00356687 
0.259293 2.90888 24.3175 -8.26923e-05 -0.000461089 -0.00367335 
0.637743 3.33282 25.297 -0.000113714 -0.000458202 -0.0034522 
0.239454 3.84147 24.3149 -8.17847e-05 -0.00046199 -0.00365626 
0.599656 4.18268 25.2931 -0.000116856 -0.000905936 -0.0036244 
1.07678 0.258412 24.3128 -0.0002266 -5.48266e-05 0.00348769 
1.5353 0.640611 25.2963 -0.000215678 -0.000108786 0.00368874 
1.10456 1.10456 24.317 -0.000229225 -0.000229257 0.000369524 
1.54661 1.54661 25.299 -0.000226232 -0.000227 -0.00366402 
1.1099 1.9942 24.3198 -0.000225978 -0.000213592 -0.00365402 
1.5479 2.43734 25.3001 -0.000217125 -0.000461557 -0.00308669 
1.10944 2.89333 24.3202 -0.000218931 -0.000457462 -0.00362402 
1.54618 3.31932 25.2992 -0.000227102 -0.000457945 -0.003508 
1.09623 3.80637 24.3186 -0.000189336 -0.0004466 -0.00340909 
1.52908 4.16273 25.2962 -0.000210482 -0.000917544 -0.00364619 
1.99075 0.260726 24.3169 -0.000222693 -4.7986e-05 -0.00104571 
2.43951 0.642 25.2981 -0.000452586 -0.000120875 -0.00351072 
1.9942 1.1099 24.3198 -0.000216867 -0.000222355 -0.00350244 
2.43734 1.5479 25.3001 -0.000445986 -0.000229093 -0.00352653 
1.99652 1.99652 24.3211 -0.000228233 -0.000235819 -0.00357679 
2.438 2.438 25.3004 -0.000453449 -0.000445297 -0.00358508 
1.99703 2.89192 24.3212 -0.00023112 -0.000457923 -0.00365984 
2.44021 3.31924 25.2991 -0.000437182 -0.000458625 -0.00318373 
1.99469 3.80251 24.3199 -0.000226673 -0.000449862 -0.00353357 
2.4436 4.16199 25.296 -0.000456021 -0.00091783 -0.00364928 
2.90888 0.259294 24.3175 -0.000453552 -5.57332e-05 -0.00322464 
3.33282 0.637743 25.297 -0.000448441 -0.000115442 -0.00351486 
2.89333 1.10944 24.3202 -0.000448732 -0.000225824 -0.00358362 
3.31932 1.54618 25.2992 -0.00044223 -0.000209281 -0.00367068 
2.89192 1.99703 24.3212 -0.000457104 -0.000229307 -0.00353465 
3.31925 2.44021 25.2991 -0.000457507 -0.000451346 -0.00368612 
2.89327 2.89327 24.3205 -0.000441388 -0.000438553 -0.00341169 
3.32462 3.32462 25.2964 -0.000458391 -0.000430654 -0.00329774 
2.90381 3.80419 24.3184 -0.000454746 -0.000408302 -0.0036129 
3.35393 4.16436 25.2921 -0.000461626 -0.000917199 -0.00366299 
3.84147 0.239453 24.3149 -0.000448813 -5.70709e-05 -0.00354903 
4.18268 0.599656 25.2931 -0.000891427 -0.000117792 -0.00369173 
3.80637 1.09623 24.3186 -0.00045373 -0.000212531 -0.0036129 
4.16273 1.52908 25.2962 -0.000924153 -0.000231429 -0.00352631 
3.80251 1.99469 24.3199 -0.000461648 -0.000202762 -0.00340776 
4.16199 2.4436 25.296 -0.000894409 -0.000457007 -0.00368878 
3.80419 2.9038 24.3184 -0.000464253 -0.000435315 -0.00360717 
4.16436 3.35393 25.2921 -0.000902472 -0.000423562 -0.00352186 
3.82947 3.82947 24.3132 -0.000452638 -0.000456166 -0.00366229 
4.25251 4.25251 25.2798 -0.000855626 -0.000914131 -0.00355203 
0.193563 0.193564 26.2738 -8.19343e-05 -5.09196e-05 0.00365817 
0.628241 0.628242 27.2947 -7.02188e-05 -0.000112481 0.00347624 
0.285855 1.08678 26.2864 -5.70021e-05 -0.000225545 0.00360296 
0.656797 1.54175 27.3011 -0.000117742 -0.000229707 0.00350124 
0.287723 1.99289 26.2904 -7.0425e-05 -0.000230212 -0.000661011 
0.658006 2.43727 27.3026 -0.000109727 -0.000459185 -0.00327826 
0.286605 2.90352 26.2904 -5.03752e-05 -0.000461291 -0.0036179 
0.653819 3.32116 27.3004 -0.000117289 -0.000461782 -0.00359258 
0.265232 3.82978 26.2868 -5.65312e-05 -0.000457787 -0.00365456 
0.610869 4.15828 27.2954 -0.000115513 -0.000920143 -0.00364756 
1.08678 0.285854 26.2864 -0.000230175 -6.22672e-05 0.00360563 
1.54175 0.656796 27.3011 -0.000220573 -0.000107833 0.0026481 
1.11818 1.11818 26.2911 -0.000212416 -0.00023384 0.000129699 
1.55408 1.55408 27.3042 -0.000218132 -0.000228672 -0.00344067 
1.12352 1.9968 26.2938 -0.000231642 -0.000230167 -0.00347558 
1.55531 2.43471 27.305 -0.000229747 -0.000436681 -0.00365821 
1.12321 2.88561 26.2937 -0.000231202 -0.000439198 -0.00305123 
1.55358 3.30611 27.303 -0.000231189 -0.000458352 -0.0033335 
1.1085 3.78966 26.291 -0.000211518 -0.000455491 -0.00365873 
1.53423 4.13672 27.2988 -0.000225404 -0.000890005 -0.00361665 
1.99289 0.287725 26.2904 -0.000230429 -5.74796e-05 -0.00041941 
2.43727 0.658006 27.3026 -0.000457381 -0.000114261 -0.00347219 
1.9968 1.12352 26.2938 -0.000226821 -0.00020734 -0.00320376 
2.43471 1.55531 27.305 -0.000453355 -0.000225506 -0.00361994 
1.99919 1.99919 26.2952 -0.0002318 -0.000224575 -0.00348555 
2.4354 2.4354 27.3049 -0.000425298 -0.000437554 -0.00354172 
1.99976 2.8842 26.2946 -0.000228413 -0.000462014 -0.00362544 
2.43768 3.30616 27.3025 -0.000442055 -0.000442681 -0.00352843 
1.99707 3.78588 26.2921 -0.000217989 -0.000459361 -0.00363341 
2.44156 4.13628 27.2982 -0.000445914 -0.000852734 -0.00354925 
2.90352 0.286604 26.2904 -0.000462596 -5.16144e-05 -0.00330217 
3.32116 0.653818 27.3004 -0.000457251 -0.000109315 -0.0035361 
2.88561 1.12321 26.2937 -0.000450618 -0.000229411 -0.00355206 
3.30611 1.55358 27.303 -0.000437292 -0.000225367 -0.00358095 
2.8842 1.99976 26.2946 -0.000444701 -0.00020949 -0.00363353 
3.30616 2.43768 27.3025 -0.000444487 -0.000434096 -0.00349325 
2.88553 2.88553 26.2932 -0.000419213 -0.000447705 -0.00366051 
3.31155 3.31156 27.2987 -0.000447753 -0.000445702 -0.00367581 
2.89713 3.78742 26.2899 -0.000456127 -0.000460819 -0.00361615 
3.3444 4.13828 27.2931 -0.000462049 -0.000923435 -0.0036523 
3.82978 0.265232 26.2868 -0.000460728 -7.64286e-05 -0.00352167 
4.15828 0.61087 27.2954 -0.000905387 -0.000122197 -0.00368283 
3.78966 1.1085 26.291 -0.000461765 -0.000196717 -0.00353776 
4.13672 1.53423 27.2988 -0.000920494 -0.000231445 -0.00362178 
3.78588 1.99707 26.2921 -0.000427964 -0.000219145 -0.00343665 
4.13628 2.44157 27.2982 -0.000874381 -0.000410076 -0.0036487 
3.78742 2.89713 26.2899 -0.000457501 -0.000458471 -0.00352462 
4.13827 3.3444 27.2931 -0.000909004 -0.000452937 -0.00346189 
3.81482 3.81482 26.2835 -0.000463454 -0.000448823 -0.00367378 
4.23368 4.23368 27.2796 -0.000916535 -0.000919023 -0.00359908 
0.212022 0.212023 28.3075 -7.41667e-05 -3.60346e-05 0.00364642 
0.641795 0.641796 29.3584 -0.000116906 -0.000115297 0.00345952 
0.311217 1.09633 28.3209 -5.99747e-05 -0.000229681 0.0034958 
0.672335 1.54819 29.3659 -0.000116988 -0.000217081 0.00307284 
0.31272 1.99524 28.3251 -5.39627e-05 -0.000219843 0.000115167 
0.673321 2.43573 29.3671 -0.00011338 -0.000460453 -0.00325553 
0.311761 2.89898 28.3241 -5.08304e-05 -0.000460455 -0.0032888 
0.668969 3.31114 29.3631 -0.000108977 -0.000423386 -0.00342776 
0.288662 3.81943 28.3191 -2.49795e-05 -0.000451768 -0.0033762 
0.621415 4.13711 29.3562 -0.0001138 -0.000914282 -0.00361386 
1.09633 0.311218 28.3209 -0.000230206 -1.90688e-05 0.00364981 
1.54819 0.672337 29.3659 -0.000228688 -0.000116854 0.00277576 
1.13119 1.13119 28.3263 -0.000209618 -0.000228804 0.000114357 
1.56151 1.56152 29.3703 -0.000215171 -0.000227377 -0.00317082 
1.13653 1.99965 28.3293 -0.000199873 -0.000229131 -0.00342595 
1.56263 2.43276 29.3708 -0.000229316 -0.000455894 -0.0034798 
1.13626 2.87886 28.3282 -0.000217787 -0.000460842 -0.00361871 
1.56077 3.29449 29.3668 -0.000216211 -0.000448259 -0.00359555 
1.11995 3.77457 28.324 -0.000216845 -0.000449728 -0.00328706 
1.53928 4.11377 29.3606 -0.000222589 -0.000911777 -0.0036044 
1.99524 0.312721 28.3251 -0.000228421 -5.55846e-05 -0.000368494 
2.43573 0.673322 29.3671 -0.000416594 -0.000120176 -0.00304116 
1.99965 1.13653 28.3293 -0.000228475 -0.000226303 -0.00333417 
2.43276 1.56264 29.3708 -0.000448032 -0.000226258 -0.00343501 
2.00207 2.00207 28.331 -0.000457096 -0.00044764 -0.00347536 
2.43344 2.43344 29.3705 -0.000446618 -0.000450887 -0.00367385 
2.00264 2.87741 28.3294 -0.000455493 -0.0004549 -0.00363574 
2.43575 3.2946 29.366 -0.000411314 -0.000453628 -0.00300151 
1.99955 3.77083 28.3253 -0.000229337 -0.000461823 -0.00364452 
2.44012 4.11355 29.3597 -0.000457936 -0.000905764 -0.00365521 
2.89898 0.311761 28.3241 -0.000461444 -3.30769e-05 -0.00353175 
3.31114 0.668969 29.3631 -0.000429873 -0.000118426 -0.00343657 
2.87886 1.13626 28.3282 -0.000455435 -0.0002218 -0.00348799 
3.29449 1.56077 29.3668 -0.000458075 -0.000225853 -0.00362566 
2.87741 2.00264 28.3294 -0.000428437 -0.000457919 -0.00351623 
3.2946 2.43575 29.366 -0.000452595 -0.000453687 -0.00344969 
2.8787 2.8787 28.3271 -0.000447512 -0.000434921 -0.00364356 
3.30012 3.30012 29.3602 -0.000442499 -0.000452216 -0.00342161 
2.89131 3.77225 28.3222 -0.00044009 -0.000461722 -0.00365361 
3.33628 4.11548 29.3527 -0.000450835 -0.000917344 -0.00365272 
3.81943 0.288663 28.3191 -0.000452478 -5.14147e-05 -0.00349133 
4.13711 0.621415 29.3562 -0.000891531 -9.46493e-05 -0.00354724 
3.77457 1.11995 28.324 -0.000426745 -0.00023052 -0.00360638 
4.11377 1.53928 29.3606 -0.000911192 -0.000229171 -0.00355801 
3.77083 1.99955 28.3253 -0.000452957 -0.000198731 -0.0034295 
4.11355 2.44013 29.3597 -0.000922375 -0.00044592 -0.00365204 
3.77225 2.89131 28.3222 -0.000453466 -0.000453912 -0.00354161 
4.11548 3.33628 29.3527 -0.000918821 -0.000445795 -0.00358652 
3.80167 3.80167 28.3141 -0.000457035 -0.000446852 -0.00365006 
4.21733 4.21734 29.337 -0.000919653 -0.000907878 -0.00363607 
0.228641 0.228642 30.3976 -2.51402e-05 -2.13725e-05 0.00367184 
0.653023 0.653023 31.4772 -0.000112154 -9.90189e-05 0.00347751 
0.333984 1.10515 30.4131 -5.73272e-05 -0.000204512 0.00351708 
0.685229 1.55374 31.4883 -8.50963e-05 -0.000223238 0.00112492 
0.335397 1.99782 30.4185 -4.68528e-05 -0.000228936 -0.000157526 
0.685917 2.43547 31.4895 -0.000113818 -0.000444424 -0.00295801 
0.33427 2.89557 30.4158 -6.55203e-05 -0.000451168 -0.00367804 
0.681076 3.30456 31.4813 -0.000101583 -0.000461903 -0.00348388 
0.309092 3.81096 30.4074 -6.00917e-05 -0.000445409 -0.00357397 
0.629855 4.12155 31.4698 -0.000109746 -0.000881084 -0.00349734 
1.10515 0.333984 30.4131 -0.000224789 -5.87039e-05 0.00350681 
1.55374 0.685231 31.4883 -0.000220414 -0.000113008 0.0015295 
1.1432 1.1432 30.4206 -0.000228978 -0.000213664 -0.00256595 
1.56784 1.56784 31.4969 -0.000229662 -0.000231126 -0.00306965 
1.14858 2.00272 30.4249 -0.000230409 -0.000436638 -0.00363597 
1.56875 2.43211 31.4975 -0.000196425 -0.000455062 -0.00282331 
1.14815 2.87349 30.4221 -0.000227852 -0.000447701 -0.00339448 
1.56659 3.28645 31.489 -0.000198034 -0.000438776 -0.00278116 
1.13017 3.76183 30.4143 -0.000195706 -0.000461028 -0.00328526 
1.54352 4.09624 31.4777 -0.000213346 -0.000887213 -0.00342661 
1.99781 0.335397 30.4184 -0.000213764 -4.00698e-05 0.0010135 
2.43547 0.685917 31.4895 -0.000457217 -0.000112343 -0.00338978 
2.00272 1.14858 30.4249 -0.000436898 -0.000210892 -0.00353315 
2.43211 1.56875 31.4975 -0.000461784 -0.000232776 -0.00313445 
2.00511 2.00511 30.428 -0.000454696 -0.000439413 -0.00362676 
2.43266 2.43266 31.4974 -0.000454389 -0.000459852 -0.00351337 
2.0056 2.87186 30.4247 -0.000435532 -0.000458295 -0.00352798 
2.43498 3.28648 31.4883 -0.000461694 -0.000424222 -0.00346513 
2.00208 3.75789 30.4169 -0.000412191 -0.000443007 -0.00305192 
2.43974 4.09604 31.4768 -0.000455463 -0.00090644 -0.00361831 
2.89557 0.33427 30.4158 -0.000457908 -4.93757e-05 -0.00358611 
3.30456 0.681077 31.4813 -0.000459157 -9.43632e-05 -0.00362935 
2.87349 1.14816 30.4221 -0.0004617 -0.00023076 -0.00368125 
3.28645 1.56659 31.489 -0.000458993 -0.000216943 -0.00362605 
2.87186 2.0056 30.4247 -0.000461773 -0.000461317 -0.00334596 
3.28648 2.43498 31.4883 -0.000442681 -0.000420268 -0.00339544 
2.87312 2.87312 30.4207 -0.000461486 -0.00045506 -0.00361543 
3.29225 3.29225 31.4782 -0.000434355 -0.000455422 -0.00361381 
2.88669 3.75928 30.4121 -0.000456199 -0.000456892 -0.00362517 
3.33102 4.09841 31.4656 -0.000434971 -0.000883328 -0.00362318 
3.81096 0.309091 30.4074 -0.000459107 -6.29695e-05 -0.00343064 
4.12155 0.629855 31.4698 -0.000922326 -0.000115022 -0.00361974 
3.76183 1.13017 30.4143 -0.000460736 -0.000232001 -0.00368415 
4.09624 1.54352 31.4777 -0.000921148 -0.000221082 -0.00350976 
3.75788 2.00208 30.4169 -0.000456428 -0.000441465 -0.00319339 
4.09604 2.43974 31.4768 -0.000878437 -0.000419759 -0.00345543 
3.75928 2.88669 30.4121 -0.000433608 -0.000452494 -0.00353101 
4.09841 3.33103 31.4656 -0.00091511 -0.00042845 -0.00338199 
3.79067 3.79067 30.4005 -0.000449648 -0.000455437 -0.00368376 
4.20554 4.20555 31.4451 -0.000851021 -0.000910778 -0.00369305 
0.238906 0.238907 32.536 -2.90268e-05 -2.6686e-05 0.00724228 
0.650033 0.650034 33.6459 -0.000101928 -0.00010677 0.00557216 
0.348238 1.10997 32.5582 -3.96369e-05 -0.000230959 0.00679201 
0.680559 1.55174 33.6652 -0.000104102 -0.000219344 -0.00635392 
0.349486 2.00006 32.5664 -4.98513e-05 -0.000440634 0.000518087 
0.68054 2.44015 33.6655 -9.4222e-05 -0.000417667 -0.00590091 
0.347838 2.89591 32.5604 -4.08445e-05 -0.000459619 -0.00704022 
0.676059 3.31213 33.6511 -6.40768e-05 -0.000456634 -0.00671288 
0.32109 3.80869 32.5447 -5.09716e-05 -0.000450988 -0.00724604 
0.62626 4.12398 33.6279 -7.66915e-05 -0.000919528 -0.00726247 
1.10997 0.348239 32.5582 -0.000216713 -4.16248e-05 0.00704374 
1.55174 0.68056 33.6652 -0.000225686 -0.000101806 -0.00440611 
1.14942 1.14943 32.5725 -0.000220213 -0.000223806 -0.00468171 
1.56466 1.56466 33.6834 -0.000216843 -0.000182332 -0.00665689 
1.1545 2.00507 32.5802 -0.000219403 -0.000448783 -0.00662937 
1.56503 2.43695 33.6835 -0.000230334 -0.000444026 -0.00677184 
1.15375 2.87318 32.5741 -0.000229716 -0.000427325 -0.00708635 
1.56307 3.29494 33.6676 -0.000229149 -0.000336855 -0.00666237 
1.13491 3.75734 32.558 -0.000180227 -0.000437368 -0.00699746 
1.54155 4.09904 33.643 -0.000227485 -0.000904597 -0.00736921 
2.00006 0.349487 32.5664 -0.000460628 -4.68695e-05 0.00129381 
2.44015 0.68054 33.6655 -0.000449143 -0.00010632 -0.00672245 
2.00507 1.1545 32.5802 -0.000447709 -0.000209876 -0.00715193 
2.43695 1.56504 33.6835 -0.000451097 -0.000219091 -0.0067946 
2.00721 2.00721 32.5873 -0.000453962 -0.00043311 -0.00604649 
2.43728 2.43729 33.683 -0.000432564 -0.00044992 -0.00535954 
2.0075 2.87135 32.5804 -0.000457927 -0.000439664 -0.00729247 
2.43922 3.29507 33.6664 -0.000452989 -0.000426923 -0.00658623 
2.00377 3.75319 32.5635 -0.000437634 -0.000451625 -0.00685997 
2.44319 4.09913 33.6415 -0.000455697 -0.000910202 -0.00736695 
2.89591 0.347837 32.5604 -0.000448324 -5.8912e-05 -0.0069532 
3.31213 0.676058 33.6511 -0.000440419 -8.92318e-05 -0.00666915 
2.87318 1.15375 32.5741 -0.00045744 -0.000223951 -0.00714915 
3.29494 1.56307 33.6676 -0.000440092 -0.000212986 -0.00665037 
2.87135 2.0075 32.5804 -0.000439047 -0.000458833 -0.0070882 
3.29506 2.43922 33.6664 -0.000435514 -0.000430015 -0.00657534 
2.87251 2.87251 32.573 -0.000431326 -0.000439363 -0.00685962 
3.30002 3.30002 33.6498 -0.000419837 -0.000424556 -0.00678622 
2.88644 3.75457 32.5557 -0.000439666 -0.000399199 -0.00693928 
3.33734 4.10089 33.6249 -0.000424285 -0.000881649 -0.00720146 
3.80869 0.32109 32.5447 -0.000446607 -4.37186e-05 -0.00711741 
4.12398 0.626259 33.6279 -0.000911499 -9.22341e-05 -0.00725838 
3.75734 1.13491 32.558 -0.000459874 -0.000228724 -0.00733013 
4.09904 1.54154 33.643 -0.000916116 -0.000224709 -0.00617525 
3.75319 2.00377 32.5635 -0.000441721 -0.000459294 -0.0069971 
4.09913 2.4432 33.6415 -0.000923415 -0.00046097 -0.00703754 
3.75457 2.88644 32.5557 -0.000459398 -0.000411303 -0.00710782 
4.10089 3.33734 33.6249 -0.00088346 -0.000458049 -0.00718952 
3.78695 3.78695 32.5364 -0.000438986 -0.000455894 -0.00694705 
4.209 4.209 33.5914 -0.000906854 -0.000899846 -0.00734127 
0.218555 0.218554 34.7092 -2.22699e-05 2.25541e-05 0.00727319 
0.563012 0.563012 35.8743 -7.72005e-05 -0.000113432 0.00485501 
0.320838 1.09151 34.7515 -5.57369e-05 -0.000224441 0.00704575 
0.575096 1.52033 35.8848 -8.8485e-05 -0.000183064 -0.00522843 
0.317477 1.9997 34.7556 -5.79515e-05 -0.000222101 0.0026861 
0.575119 2.4667 35.8838 -8.52635e-05 -0.000437743 -0.00492972 
0.317371 2.91409 34.7497 -4.42276e-05 -0.000455556 -0.00674079 
0.574533 3.38491 35.8775 -3.34968e-05 -0.000413755 -0.00560101 
0.295714 3.83484 34.7235 -4.48036e-05 -0.000439536 -0.0067795 
0.552003 4.1968 35.8339 -9.4352e-05 -0.000881835 -0.00696177 
1.09151 0.320839 34.7515 -0.000228027 -5.88116e-05 0.00703585 
1.52033 0.575096 35.8848 -0.000180563 -0.000103667 -0.00588678 
1.12169 1.12169 34.7823 -0.000192931 -0.000229835 -0.00710264 
1.52499 1.52499 35.8923 -0.000226619 -0.000212778 -0.00526482 
1.12338 2.00307 34.7879 -0.000227269 -0.000405175 -0.00579266 
1.52522 2.46568 35.8911 -0.000106603 -0.000432248 -0.00575234 
1.12346 2.89783 34.7813 -0.000222376 -0.000399052 -0.00684956 
1.52504 3.37942 35.8843 -0.000229981 -0.000299598 -0.00707594 
1.10924 3.79135 34.752 -0.000229842 -0.000462629 -0.00610979 
1.51337 4.19014 35.8352 -0.000106703 -0.000897222 -0.0066442 
1.9997 0.317478 34.7556 -0.000221473 -5.48433e-05 0.00380805 
2.4667 0.575119 35.8838 -0.000455055 -0.000110686 -0.00548454 
2.00307 1.12338 34.7879 -0.000435495 -0.00021753 -0.00540619 
2.46568 1.52522 35.8911 -0.000397848 -0.000222736 -0.00587259 
2.00412 2.00412 34.7928 -0.000412477 -0.000461516 -0.00696337 
2.46581 2.46581 35.8898 -0.000407895 -0.000447824 -0.00564735 
2.00438 2.89706 34.7857 -0.000447426 -0.000438654 -0.00593538 
2.4664 3.37931 35.8825 -0.000387496 -0.000417129 -0.00633945 
2.00128 3.78975 34.7548 -0.00046026 -0.00039897 -0.00710736 
2.46367 4.18952 35.8332 -0.000456474 -0.000868819 -0.00662323 
2.91409 0.317371 34.7497 -0.000457533 -5.36357e-05 -0.0064674 
3.38491 0.574533 35.8775 -0.000405885 -0.000107413 -0.00500913 
2.89783 1.12346 34.7813 -0.000455984 -0.000230765 -0.00698924 
3.37942 1.52504 35.8843 -0.00039165 -0.000209701 -0.00697403 
2.89706 2.00438 34.7857 -0.000426462 -0.000452862 -0.00571017 
3.37931 2.4664 35.8825 -0.000396172 -0.000431282 -0.00660142 
2.89727 2.89727 34.778 -0.00038429 -0.000460123 -0.0058968 
3.37908 3.37908 35.8751 -0.00039314 -0.000459963 -0.00695312 
2.90772 3.78968 34.7475 -0.000422505 -0.0004398 -0.00669555 
3.39658 4.18324 35.8292 -0.000450328 -0.000777582 -0.00709176 
3.83484 0.295713 34.7235 -0.000457566 -6.09723e-05 -0.00689731 
4.1968 0.552003 35.8339 -0.000805617 -6.63656e-05 -0.00698562 
3.79135 1.10924 34.752 -0.000450787 -0.000198794 -0.00631487 
4.19014 1.51337 35.8352 -0.000920752 -0.000212247 -0.00685205 
3.78975 2.00128 34.7548 -0.0003037 -0.000413896 -0.00614724 
4.18952 2.46367 35.8332 -0.000862036 -0.000408467 -0.00685001 
3.78968 2.90772 34.7475 -0.000320508 -0.000338944 -0.00691117 
4.18324 3.39658 35.8292 -0.000851717 -0.000461394 -0.00708851 
3.81673 3.81673 34.7168 -0.000418905 -0.000449526 -0.00634307 
4.27374 4.27374 35.7679 -0.000907701 -0.000854885 -0.00724089 
0 0 36.9706 22.0653 22.0653 -47.9531 
0 1 36.9706 41.372 4.12322 -84.2676 
0 2 36.9706 41.4265 -0.620762 -83.2332 
0 3 36.9706 41.3455 -7.19161 -83.3629 
0 4 36.9706 41.6549 -18.8978 -87.0498 
1 0 36.9706 4.12322 41.372 -84.2676 
1 1 36.9706 8.21438 8.2142 -147.186 
1 2 36.9706 9.07128 -0.98797 -144.121 
1 3 36.9706 9.11004 -13.8785 -144.51 
1 4 36.9706 8.07218 -35.4245 -155.515 
2 0 36.9706 -0.620737 41.4265 -83.2332 
2 1 36.9706 -0.987924 9.07128 -144.121 
2 2 36.9706 -0.785147 -0.785135 -141.492 
2 3 36.9706 -0.727498 -14.0141 -142.111 
2 4 36.9706 -1.38291 -35.6235 -154.247 
3 0 36.9706 -7.1916 41.3455 -83.3629 
3 1 36.9706 -13.8785 9.11009 -144.51 
3 2 36.9706 -14.0143 -0.727466 -142.112 
3 3 36.9706 -14.0031 -14.0031 -142.741 
3 4 36.9706 -13.9734 -35.871 -154.854 
4 0 36.9706 -18.8978 41.6549 -87.0506 
4 1 36.9706 -35.4247 8.07218 -155.515 
4 2 36.9706 -35.6237 -1.38289 -154.247 
4 3 36.9706 -35.871 -13.9735 -154.854 
4 4 36.9706 -32.8428 -32.8428 -169.266 
