5 5 25 
0.0142719 0.0142841 16.8554 6.21179e-06 -1.91634e-05 0.000789616 
0.498006 0.498017 17.612 -4.76174e-05 -7.35402e-05 0.00297337 
0.0122075 1.00435 16.8863 -1.02901e-05 -0.000333892 -0.0007404 
0.500193 1.493 17.6236 -0.000133645 -0.000339576 -0.00529389 
0.0121449 1.99468 16.8941 -3.99316e-06 -0.000287315 -0.00249163 
0.499668 2.48342 17.6298 -8.1219e-05 -0.000668822 -0.00475226 
0.0114299 2.98613 16.899 1.06986e-05 -0.000688292 -0.00504775 
0.49854 3.47262 17.6344 -6.20127e-05 -0.000594935 -0.00552943 
0.0106726 3.9802 16.902 1.97111e-06 -0.000686341 -0.00531198 
0.496605 4.45782 17.6395 -8.88489e-05 -0.00111079 -0.00521719 
1.00434 0.0122205 16.8863 -0.000346504 -2.09049e-05 -0.00115646 
1.49299 0.500205 17.6236 -0.000342168 -0.000169389 -0.00287036 
1.00266 1.00267 16.905 -0.000341568 -0.000347285 -0.0047725 
1.49322 1.49323 17.6332 -0.00026962 -0.000335512 -0.00496001 
1.00247 1.99285 16.9115 -0.000346421 -0.000256636 -0.00490109 
1.49287 2.48295 17.6388 -0.000350217 -0.000696758 -0.00412281 
1.00176 2.9835 16.9166 -0.00032321 -0.000700665 -0.00326821 
1.49211 3.47204 17.6435 -0.00033971 -0.000658876 -0.00364391 
1.00099 3.97645 16.9206 -0.000259001 -0.0006604 -0.00488743 
1.49063 4.45885 17.6489 -0.000242525 -0.00130463 -0.00532117 
1.99467 0.0121639 16.8941 -0.000348488 -1.45301e-05 -0.000201938 
2.4834 0.499683 17.6298 -0.000628917 -1.3871e-05 -0.00520092 
1.99284 1.00249 16.9115 -0.000348551 -0.000325816 -0.00532888 
2.48294 1.49288 17.6388 -0.00060748 -0.000345207 -0.00361502 
1.99249 1.9925 16.9175 -0.000350369 -0.000347371 -0.00497216 
2.48266 2.48268 17.6439 -0.000697924 -0.000657528 -0.00469612 
1.99179 2.98325 16.9223 -0.000310705 -0.000695726 -0.00480643 
2.48238 3.4718 17.6483 -0.00068718 -0.000668228 -0.00539827 
1.99101 3.97641 16.9268 -0.000296459 -0.000634574 -0.00518517 
2.48216 4.45858 17.6534 -0.000605784 -0.00129982 -0.00502787 
2.98612 0.0114465 16.899 -0.000630178 -2.56711e-06 -0.00526484 
3.47261 0.498556 17.6344 -0.000649791 -5.59796e-05 -0.0052051 
2.98349 1.00177 16.9166 -0.00063769 -0.00033501 -0.00437643 
3.47202 1.49213 17.6435 -0.000704201 -0.000334253 -0.00484591 
2.98323 1.99181 16.9223 -0.000682735 -0.000337507 -0.0044525 
3.47179 2.4824 17.6483 -0.000594527 -0.000662376 -0.00509017 
2.98256 2.98258 16.9267 -0.000693169 -0.000611249 -0.00495214 
3.4719 3.47192 17.652 -0.00016586 -0.00064364 -0.00463894 
2.98192 3.97566 16.9302 -0.00059415 -0.000660093 -0.00537045 
3.47314 4.4582 17.6555 -0.000635695 -0.00135165 -0.00530537 
3.98018 0.010691 16.902 -0.00062354 2.4951e-05 -0.00558336 
4.4578 0.496623 17.6395 -0.00130598 -6.32699e-05 -0.00503237 
3.97643 1.00101 16.9206 -0.000606872 -0.000165446 -0.00414395 
4.45884 1.49065 17.6489 -0.00133633 -0.000293077 -0.00557234 
3.97639 1.99103 16.9268 -0.000599892 -0.000352696 -0.0052482 
4.45856 2.48218 17.6534 -0.00140113 -0.000683364 -0.00541577 
3.97564 2.98194 16.9302 -0.000616017 -0.000551875 -0.00515361 
4.45818 3.47316 17.6555 -0.00135011 -0.000687944 -0.00558628 
3.97532 3.97534 16.9323 -0.000534758 -0.000667353 -0.004727 
4.4643 4.46432 17.6535 -0.00133776 -0.00131158 -0.00532055 
0.0126913 0.0127004 18.348 -2.06067e-05 5.15191e-06 0.0050363 
0.503398 0.503408 19.1037 -0.000162653 -0.000175997 0.00444195 
0.0247665 0.99752 18.356 -2.25097e-06 -8.12818e-05 0.0043599 
0.508863 1.48986 19.1078 -0.000148591 -0.000320772 -0.00227529 
0.0233881 1.98483 18.3636 -1.22821e-05 -0.000310569 -0.00411005 
0.508867 2.47338 19.1127 -0.000164378 -0.000687966 -0.0056387 
0.0221188 2.97268 18.3686 2.47522e-07 -0.000645743 -0.00445729 
0.507021 3.4548 19.1176 -0.000176907 -0.000694824 -0.00361132 
0.0189811 3.96265 18.3726 -4.80389e-07 -0.000662299 -0.00472901 
0.502124 4.42765 19.1242 -0.000175404 -0.00140176 -0.0049958 
0.997511 0.0247776 18.356 -0.000173811 1.96352e-05 0.00400227 
1.48985 0.508873 19.1078 -0.000331664 -0.000124043 -0.00204235 
0.999684 0.999695 18.3589 -0.000160883 -0.000138152 -0.00389974 
1.49171 1.49173 19.1104 -0.000328111 -0.000332783 -0.00539949 
1.00014 1.98526 18.3652 -0.000342176 -0.00027716 -0.00372355 
1.49188 2.47337 19.1149 -0.000320971 -0.000505738 -0.0047752 
0.999503 2.97183 18.3702 -0.000174447 -0.000647756 -0.00526595 
1.49114 3.45324 19.1199 -0.00019722 -0.000670307 -0.00334896 
0.997839 3.95996 18.3751 -0.000165175 -0.000504774 -0.00447795 
1.48913 4.42458 19.1275 -0.000342192 -0.00134195 -0.00467409 
1.98482 0.0234013 18.3636 -0.00033005 -1.37905e-05 -0.00386064 
2.47337 0.508879 19.1127 -0.000641164 -8.80249e-05 -0.00410661 
1.98525 1.00015 18.3652 -0.000345529 -0.000345143 -0.00440506 
2.47336 1.4919 19.1149 -0.000643636 -0.000211756 -0.00513686 
1.98541 1.98542 18.3708 -0.000251363 -0.000343105 -0.00279315 
2.47354 2.47355 19.119 -0.000649955 -0.000704675 -0.00520015 
1.98519 2.97166 18.3754 -0.000126749 -0.000550346 -0.00525086 
2.47395 3.45348 19.1236 -0.000700785 -0.000651599 -0.00517285 
1.98475 3.95972 18.3802 6.58517e-05 -0.00067989 -0.00551877 
2.47391 4.42489 19.1312 -0.000693671 -0.00138505 -0.00545543 
2.97267 0.0221337 18.3686 -0.000615099 -3.09892e-05 -0.00529506 
3.45479 0.507036 19.1176 -0.000616037 -0.000138201 -0.0031989 
2.97182 0.999517 18.3702 -0.000669512 -0.000133678 -0.0034505 
3.45323 1.49116 19.1199 -0.000609474 -0.000256004 -0.00499595 
2.97164 1.98521 18.3754 -0.000650598 -0.000338325 -0.00493516 
3.45346 2.47396 19.1236 -0.000702407 -0.000654045 -0.00448971 
2.9718 2.97182 18.3796 -0.000703573 -0.000598529 -0.00383001 
3.45506 3.45508 19.1277 -0.00065936 -0.00024982 -0.00412875 
2.97287 3.96016 18.3838 -0.000695311 -0.000627175 -0.00561621 
3.458 4.4262 19.1341 -0.00065668 -0.000956642 -0.00387242 
3.96265 0.018997 18.3726 -0.000616029 -2.62406e-05 -0.00511569 
4.42764 0.50214 19.1242 -0.00131653 -0.00017475 -0.0049873 
3.95995 0.997855 18.3751 -0.000685025 -0.000175969 -0.00562932 
4.42456 1.48915 19.1275 -0.00124228 -0.000347979 -0.00463622 
3.95971 1.98477 18.3802 -0.00065644 -0.000282818 -0.00363833 
4.42487 2.47393 19.1312 -0.000989918 -0.000642722 -0.00494629 
3.96014 2.97289 18.3838 -0.000641352 -0.000641465 -0.00495348 
4.42618 3.45801 19.1341 -0.00139133 -0.000518914 -0.0053944 
3.96381 3.96383 18.3866 -8.61715e-05 -0.000553676 -0.00542296 
4.44106 4.44107 19.1357 -0.00121195 -0.00121974 -0.0053017 
0.025568 0.0255745 19.8619 -1.75378e-05 -3.76867e-06 0.00486733 
0.511677 0.511684 20.6358 -0.000131568 -0.000160298 0.0047079 
0.0457354 1.00252 19.8669 -2.33657e-06 -0.000349828 0.00336179 
0.520058 1.49147 20.6379 5.30991e-05 -0.000313421 -0.00227404 
0.0466732 1.98095 19.8706 -7.79882e-06 -0.000325547 -0.00430897 
0.520717 2.46606 20.6409 -0.000150238 -0.000616652 -0.00282281 
0.0448671 2.96068 19.8747 -1.3088e-05 -0.00056886 -0.00489425 
0.518044 3.43795 20.6448 -0.000152499 -0.000684069 -0.00446954 
0.0385074 3.94407 19.8789 2.72545e-05 -0.000672525 -0.00427275 
0.510439 4.39812 20.6498 -0.000171444 -0.00126742 -0.00535037 
1.00252 0.0457445 19.8668 -0.000343131 3.57912e-05 0.00426296 
1.49146 0.520067 20.6379 -0.000273391 -5.04332e-05 -0.00265944 
1.00697 1.00698 19.867 -0.000345659 -0.000265405 -0.00403631 
1.49454 1.49455 20.6387 -0.000306837 -0.000292257 -0.00374191 
1.00885 1.98157 19.8696 -0.000274768 -0.000343962 -0.00370443 
1.49512 2.4659 20.6412 -0.00028536 -0.000648226 -0.00463372 
1.00815 2.95887 19.8737 -0.000274242 -0.000355686 -0.00368858 
1.49407 3.43496 20.6454 -0.000235024 -0.000594843 -0.00492532 
1.00488 3.93881 19.8789 -0.000126245 -0.000574534 -0.00550792 
1.4909 4.39225 20.6514 -0.000323323 -0.00138675 -0.00501508 
1.98095 0.0466843 19.8706 -0.00029795 -2.17829e-05 -0.00273272 
2.46605 0.520727 20.6409 -0.000614859 1.26069e-05 -0.0033758 
1.98156 1.00886 19.8696 -0.000253773 -0.000298162 -0.00209578 
2.4659 1.49513 20.6412 -0.000696987 -0.000339196 -0.0044314 
1.98233 1.98234 19.8716 -0.000213821 -0.000222702 -0.00420303 
2.46622 2.46623 20.6434 -0.000575553 -0.000655989 -0.00363393 
1.98239 2.95857 19.8755 -0.00021746 -0.000696037 -0.00413723 
2.46702 3.43498 20.6475 -0.000696065 -0.000401075 -0.00500442 
1.98181 3.93756 19.8809 -0.000300645 -0.000681775 -0.00413913 
2.46724 4.39187 20.6536 -0.000677421 -0.00111331 -0.00507219 
2.96067 0.04488 19.8747 -0.000465872 1.65584e-05 -0.00446458 
3.43794 0.518057 20.6448 -0.000431246 -0.000132411 -0.00424478 
2.95886 1.00816 19.8737 -0.000677154 -0.00031649 -0.00363387 
3.43495 1.49408 20.6454 -0.000579539 -0.000293396 -0.00523571 
2.95856 1.9824 19.8755 -0.000616545 -0.000316416 -0.00443603 
3.43497 2.46703 20.6475 -0.000305945 -0.000612524 -0.00444498 
2.95927 2.95928 19.879 -0.000662221 -0.000597411 -0.00456043 
3.43764 3.43765 20.6511 -0.000631324 -0.000589243 -0.00418105 
2.96155 3.93871 19.884 -0.000646909 -0.000690208 -0.00534451 
3.44277 4.39446 20.6563 -0.000398667 -0.00109103 -0.00548716 
3.94406 0.0385226 19.8789 -0.000688793 3.05216e-06 -0.00479164 
4.39811 0.510454 20.6498 -0.00136835 2.12702e-05 -0.00522091 
3.9388 1.0049 19.8789 -0.000606885 -0.000253063 -0.00386509 
4.39224 1.49092 20.6514 -0.00126879 -0.0003297 -0.00485745 
3.93755 1.98183 19.8809 -0.000512442 0.000197769 -0.00414303 
4.39186 2.46726 20.6536 -0.00140568 -0.000614555 -0.00500192 
3.9387 2.96157 19.884 -0.000285097 -0.000537559 -0.00462108 
4.39444 3.44278 20.6563 -0.00134481 -0.000591659 -0.00500912 
3.94551 3.94553 19.8876 -0.000687282 -0.000612444 -0.00517829 
4.41738 4.41739 20.6571 -0.00125733 -0.00129667 -0.00560549 
0.0400371 0.0400432 21.4151 -1.55734e-05 -6.54353e-06 0.00544102 
0.520458 0.520466 22.209 -8.60187e-05 -0.000163774 0.00244073 
0.0676696 1.00899 21.4191 4.38282e-07 -0.000340234 0.00342549 
0.531157 1.49416 22.2105 -1.61653e-05 -0.0001948 -0.00460308 
0.069618 1.97953 21.4214 9.13507e-06 -0.000252782 -0.00222989 
0.532151 2.4609 22.2124 -2.68385e-05 -0.000691483 -0.00389078 
0.0677495 2.95144 21.4241 -3.40455e-05 -0.000703787 -0.00517526 
0.529036 3.42401 22.215 -0.000103103 -0.000698596 -0.00502331 
0.0593509 3.92863 21.427 -3.46634e-05 -0.000660994 -0.00471104 
0.518937 4.37192 22.2182 6.67008e-06 -0.00132539 -0.0048827 
1.00898 0.0676772 21.4191 -0.000279909 -7.63039e-08 0.00325359 
1.49415 0.531165 22.2105 -0.000151132 -2.79161e-05 -0.00387032 
1.01555 1.01556 21.4188 -0.00034725 -0.000316303 -0.00225534 
1.49815 1.49816 22.2107 -0.000264127 -0.000322476 -0.00452761 
1.01834 1.98035 21.4202 -0.000347233 -4.52464e-05 -0.00307289 
1.49894 2.46055 22.2123 -0.000202319 -0.000595014 -0.0041303 
1.01763 2.94839 21.4229 -7.78365e-05 -0.000661974 -0.00361963 
1.49771 3.41983 22.2151 -0.000175557 -0.000434871 -0.00446201 
1.01317 3.92063 21.4267 -0.000196907 -0.000573621 -0.00293024 
1.49347 4.364 22.2192 -0.000327143 -0.00123602 -0.00449413 
1.97952 0.0696279 21.4214 -0.000348425 -2.61294e-06 -0.0049684 
2.4609 0.532161 22.2124 -0.000582251 -0.000163091 -0.00457206 
1.98034 1.01835 21.4202 -0.000307975 -0.000306049 -0.00353792 
2.46054 1.49895 22.2123 -0.000597294 -0.000334865 -0.0035043 
1.98143 1.98144 21.421 -0.000184347 -0.000232752 -0.00359493 
2.46088 2.46089 22.2136 -0.000424268 -0.00037153 -0.00469543 
1.98157 2.94777 21.4236 -0.000196887 -0.000628519 -0.00357009 
2.4619 3.41967 22.2164 -0.000577587 -0.000615384 -0.00419174 
1.98081 3.91857 21.4277 -0.000253834 -0.000679685 -0.00435658 
2.46239 4.36321 22.2205 -0.000673035 -0.00134411 -0.00467913 
2.95143 0.0677613 21.4241 -0.000667723 9.70269e-06 -0.00472446 
3.424 0.529048 22.215 -0.000697568 -0.000127359 -0.00460084 
2.94838 1.01764 21.4229 -0.000575527 -0.000193801 -0.00484656 
3.41982 1.49772 22.2151 -0.000588499 -0.000323112 -0.00300547 
2.94776 1.98158 21.4236 -0.000683491 -0.00020951 -0.00462503 
3.41966 2.46191 22.2164 -0.000701075 -0.000535513 -0.00538016 
2.94866 2.94867 21.426 -0.000405953 -0.000521437 -0.00476841 
3.42293 3.42294 22.2187 -0.000453364 -0.000529968 -0.00518662 
2.95197 3.91997 21.4297 -0.000435168 -0.000571606 -0.0040462 
3.43017 4.36617 22.2221 -0.000666114 -0.00136175 -0.00557337 
3.92862 0.0593651 21.427 -0.000626193 -1.27553e-05 -0.00513512 
4.37191 0.51895 22.2182 -0.00137955 -0.000142777 -0.00533751 
3.92062 1.01318 21.4267 -0.000555275 -0.000191701 -0.0034372 
4.36399 1.49348 22.2192 -0.00126599 -0.000312881 -0.00455398 
3.91857 1.98083 21.4277 -0.000623562 -0.000344176 -0.00496923 
4.3632 2.46241 22.2205 -0.00117095 -0.000557178 -0.00562713 
3.91996 2.95198 21.4297 -0.000670914 -0.000670085 -0.00429945 
4.36616 3.43018 22.2221 -0.00140975 -0.000697114 -0.00436386 
3.92936 3.92937 21.4322 -0.000532518 -0.000607465 -0.00492843 
4.39651 4.39652 22.2214 -0.001217 -0.00132248 -0.00519977 
0.0544899 0.0544958 23.0084 1.61439e-05 1.49472e-05 0.00544409 
0.529449 0.529455 23.8219 -0.000127186 -0.000154272 0.00189502 
0.0890061 1.01581 23.0121 -4.31582e-06 -0.000321869 0.00495556 
0.542139 1.49751 23.8231 -4.01359e-05 -0.000237454 -0.00101586 
0.0914147 1.97931 23.0137 -2.84837e-06 -0.000280344 0.000113623 
0.543335 2.45718 23.8244 -0.000118627 -0.000299731 -0.00268376 
0.0895235 2.94443 23.0154 3.28823e-05 -0.000678382 -0.00505773 
0.539917 3.41232 23.8259 -0.000150436 -0.000700528 -0.00517726 
0.0796485 3.91605 23.017 3.09017e-05 -0.000685099 -0.00444482 
0.527395 4.34884 23.8277 -0.000119453 -0.00136302 -0.00403016 
1.0158 0.0890136 23.0121 -0.000288193 -1.25092e-05 0.00563022 
1.4975 0.542147 23.8231 -0.000313471 -0.000161947 -0.00183529 
1.02439 1.0244 23.0118 -0.000318319 -0.000329747 -0.00134338 
1.5023 1.50231 23.8231 -0.000235863 -0.0002905 -0.003667 
1.02776 1.98031 23.0126 -0.000296492 -0.000149675 -0.0052528 
1.50321 2.45663 23.824 -0.000241725 -0.000583768 -0.00364363 
1.02704 2.94019 23.0143 -0.000335148 -0.000686318 -0.00243383 
1.50187 3.4071 23.8258 -0.000350816 -0.000505171 -0.00517615 
1.02166 3.90542 23.0167 -0.00034795 -0.000634174 -0.00559822 
1.49658 4.33925 23.8284 -0.000347044 -0.00133301 -0.00527534 
1.9793 0.0914239 23.0137 -0.000339405 -1.96994e-05 -0.00273682 
2.45717 0.543345 23.8244 -0.00065701 -5.51454e-05 -0.00406953 
1.9803 1.02777 23.0126 -0.000330742 -0.000329651 -0.00253681 
2.45662 1.50322 23.824 -0.000498386 -4.60206e-05 -0.00293271 
1.98158 1.98158 23.0129 -0.000308513 -0.000305826 -0.00381142 
2.45697 2.45698 23.8246 -0.000693794 -0.000582681 -0.00441686 
1.98176 2.93932 23.0145 -3.50161e-05 -0.000406561 -0.00377665 
2.45818 3.40681 23.8263 -0.000659141 -0.000565853 -0.00431292 
1.98089 3.90281 23.0172 -0.000321475 -0.0006801 -0.00483701 
2.45895 4.33818 23.829 -0.000691299 -0.0012997 -0.00420972 
2.94443 0.0895335 23.0154 -0.000629448 -1.25911e-05 -0.00397623 
3.41231 0.539927 23.8259 -0.00052348 0.000163919 -0.00327409 
2.94018 1.02705 23.0143 -0.000682352 -0.000267946 -0.00520538 
3.40709 1.50188 23.8258 -0.000702279 -0.000331942 -0.00343616 
2.93931 1.98177 23.0145 -0.000550442 -0.000334763 -0.00424398 
3.4068 2.45819 23.8263 -0.000659571 -0.0007032 -0.00532667 
2.9403 2.94031 23.0159 -0.000683281 -0.000566721 -0.00339689 
3.41051 3.41052 23.8276 -0.000527357 -0.000695892 -0.00423092 
2.94448 3.90431 23.0182 -0.000540606 -0.000518973 -0.00489016 
3.41982 4.34129 23.8295 -0.00052061 -0.00134202 -0.00495241 
3.91605 0.0796597 23.017 -0.000705029 -2.27651e-05 -0.00482771 
4.34884 0.527407 23.8277 -0.00130449 -0.000115416 -0.0045444 
3.90541 1.02167 23.0167 -0.000417969 -0.00030721 -0.00509984 
4.33925 1.49659 23.8284 -0.00138777 -0.000238947 -0.00515565 
3.9028 1.9809 23.0172 -0.000555497 -0.000201185 -0.00327812 
4.33817 2.45896 23.829 -0.00120607 -0.000483123 -0.00535828 
3.9043 2.94449 23.0182 -0.00064344 -0.000631097 -0.0053537 
4.34128 3.41983 23.8295 -0.00120542 -0.000679932 -0.00449249 
3.91586 3.91587 23.0194 -0.000501797 -0.00027217 -0.0052569 
4.37844 4.37845 23.8276 -0.00136059 -0.00131827 -0.00423316 
0.0686973 0.0687024 24.6405 2.43354e-05 -2.07063e-05 0.00539496 
0.538617 0.538623 25.4728 -1.7375e-05 0.000107302 0.00277583 
0.109622 1.02284 24.644 -1.96008e-05 -0.00031646 0.00380572 
0.553097 1.50136 25.4737 -0.000157599 -0.000306634 -0.00145025 
0.112294 1.97992 24.6452 7.98679e-06 -0.000319659 -0.00267867 
0.554431 2.45447 25.4744 -0.000157515 -0.000478081 -0.00468147 
0.110374 2.93891 24.6461 -2.96189e-06 -0.000667959 -0.00480813 
0.550762 3.40221 25.4751 -0.000162754 -0.000568004 -0.00265917 
0.0991834 3.90547 24.6467 1.64333e-06 -0.000445996 -0.00561623 
0.535817 4.32821 25.4759 -0.000153064 -0.00129002 -0.00446854 
1.02284 0.109629 24.644 -0.000306778 -9.779e-06 0.00377882 
1.50135 0.553103 25.4737 -0.000288047 -0.000161915 -0.00149929 
1.03343 1.03343 24.6437 -0.000287174 -0.000301644 -0.00235405 
1.50691 1.50691 25.4734 -0.000308634 -0.000336018 -0.0040996 
1.03723 1.98112 24.6441 -0.000320804 -0.000223362 -0.00446306 
1.50791 2.45375 25.4738 -0.000177738 -0.000498257 -0.00352324 
1.03651 2.93349 24.645 -0.000166242 -0.000677475 -0.00258029 
1.50648 3.39605 25.4748 -0.000230289 -0.000587678 -0.0044965 
1.03027 3.89228 24.6464 -0.000323802 -0.000470873 -0.00429487 
1.50011 4.31718 25.4763 -6.09408e-05 -0.0013698 -0.00462481 
1.97991 0.112302 24.6452 -0.000347241 -1.28972e-05 -0.000489254 
2.45446 0.554439 25.4744 -0.000563921 -0.000106092 -0.00509028 
1.98111 1.03724 24.6441 -0.000306719 -0.000309403 -0.00452506 
2.45375 1.50792 25.4738 -0.00067301 -0.000293575 -0.00415201 
1.98254 1.98255 24.644 -0.000146479 -0.00031643 -0.00320924 
2.45411 2.45412 25.4739 -0.00047729 -0.000673287 -0.00359957 
1.98277 2.93245 24.6448 -0.000159021 -0.000583855 -0.00359363 
2.45549 3.39569 25.4748 -0.000335049 1.20058e-05 -0.00453544 
1.98179 3.88926 24.6465 -0.000134017 -0.000396072 -0.00472183 
2.45653 4.31593 25.4764 -0.000475232 -0.00136284 -0.00457431 
2.93891 0.110384 24.6461 -0.000646487 -4.1339e-05 -0.00505988 
3.40221 0.550772 25.4751 -0.000605001 -0.000137427 -0.00483491 
2.93349 1.03652 24.645 -0.000610626 -0.0002441 -0.00396979 
3.39604 1.50649 25.4748 -0.000621739 -0.000335549 -0.00371492 
2.93244 1.98277 24.6448 -0.000476803 -0.00014452 -0.00427735 
3.39568 2.4555 25.4748 -0.000641109 -0.000673257 -0.00395471 
2.93351 2.93352 24.6454 -0.000509672 -0.000597488 -0.00413455 
3.39976 3.39977 25.4752 -0.000304222 -0.000605648 -0.00429071 
2.93849 3.89084 24.6468 -6.51347e-05 -0.000170832 -0.00480316 
3.4111 4.31913 25.4761 -0.000692288 -0.00132926 -0.0049713 
3.90547 0.0991943 24.6467 -0.000694568 -3.5426e-05 -0.00495235 
4.3282 0.535827 25.4759 -0.00135926 -8.43437e-06 -0.00466477 
3.89227 1.03028 24.6464 -0.000515217 -0.000285951 -0.00350902 
4.31717 1.50012 25.4763 -0.0010807 -0.000226811 -0.005488 
3.88925 1.9818 24.6465 -0.000598659 -0.000200817 -0.003361 
4.31592 2.45654 25.4764 -0.00117681 -0.000600524 -0.00498407 
3.89083 2.9385 24.6468 -0.000360496 -0.000329115 -0.00369536 
4.31912 3.41111 25.4761 -0.00113021 -0.000174069 -0.00534698 
3.9043 3.90431 24.6469 -0.000688392 -0.00024926 -0.0042605 
4.36259 4.3626 25.4732 -0.000951316 -0.0013756 -0.00509722 
0.0826672 0.0826729 26.3096 -1.219e-06 -1.39748e-05 0.00523369 
0.547965 0.547971 27.1599 -3.73145e-06 -0.000161852 0.00178776 
0.129597 1.03003 26.313 -3.26115e-05 -0.0002938 0.00483554 
0.564072 1.50564 27.1606 -0.000149842 -0.000310497 -0.00246371 
0.132409 1.98115 26.3137 -2.11594e-05 -0.000207465 -0.000705946 
0.565484 2.45256 27.1607 -0.000130035 -0.00055367 -0.00396378 
0.130447 2.93447 26.314 4.34281e-06 -0.000682179 -0.00446815 
0.561589 3.39336 27.1607 -0.000144032 -0.000380924 -0.00393102 
0.118027 3.89637 26.3138 -3.62537e-06 -0.000651859 -0.00436072 
0.544195 4.30954 27.1607 9.92844e-05 -0.00132083 -0.00557474 
1.03003 0.129604 26.313 -0.000279282 -3.58982e-05 0.00483131 
1.50563 0.564079 27.1606 -0.000307149 -0.000169514 -0.0016196 
1.04262 1.04262 26.3126 -0.000202589 -0.000299627 0.000540895 
1.51191 1.51191 27.16 -0.000332897 -0.0002385 -0.00328007 
1.04677 1.98257 26.3127 -0.000304317 -0.000302355 -0.00471012 
1.51298 2.4517 27.1599 -0.000173173 -0.000557171 -0.00281776 
1.04604 2.92791 26.313 -0.000340178 -0.000590592 -0.00205917 
1.51145 3.38633 27.1601 -0.000230851 -0.000669539 -0.00533873 
1.03896 3.88067 26.3135 -0.000275269 -0.00060803 -0.00300285 
1.50397 4.29727 27.1609 -0.00034655 -0.00126543 -0.00500416 
1.98114 0.132416 26.3137 -0.000299993 1.18578e-05 -0.00438902 
2.45255 0.565492 27.1607 -0.000608284 -0.000144674 -0.00140542 
1.98257 1.04678 26.3127 -0.000132908 -0.000351175 -0.00560266 
2.45169 1.51298 27.1599 -0.000391644 -0.000255599 -0.00423788 
1.98414 1.98415 26.3122 -0.000347008 -8.9592e-05 -0.00228395 
2.45207 2.45208 27.1594 -0.000705186 -0.000487033 -0.00290489 
1.9844 2.92674 26.3124 -0.000171978 -0.000442045 -0.0044048 
2.45359 3.38594 27.1597 -0.000677 -0.000623243 -0.00539165 
1.9833 3.87736 26.3132 -0.000161382 -0.000551636 -0.00354708 
2.45489 4.29593 27.1604 -0.000503306 -0.00129655 -0.00525637 
2.93447 0.130456 26.314 -0.000655358 -2.79775e-05 -0.00319607 
3.39336 0.561598 27.1607 -0.000371004 -0.000163867 -0.00316366 
2.9279 1.04605 26.313 -0.000422804 -0.000211643 -0.00311225 
3.38633 1.51146 27.1601 -0.000242583 4.92886e-05 -0.00329188 
2.92673 1.98441 26.3124 -0.000246313 -0.000249694 -0.0036074 
3.38593 2.4536 27.1597 -0.000217961 -0.000586604 -0.00436102 
2.92786 2.92787 26.3124 -0.00052745 -0.000523145 -0.00436041 
3.39031 3.39032 27.1593 8.50696e-06 -0.000177587 -0.00466912 
2.9336 3.879 26.3129 -0.000613403 -0.000595313 -0.0055636 
3.40366 4.2992 27.1594 -0.000598833 -0.00130251 -0.00443554 
3.89636 0.118036 26.3138 -0.000322667 2.19606e-05 -0.00522806 
4.30953 0.544207 27.1607 -0.00133118 -0.00012884 -0.00462102 
3.88066 1.03897 26.3135 -0.000701779 -0.000238378 -0.00377853 
4.29726 1.50398 27.1609 -0.0012652 -0.000282501 -0.00528757 
3.87735 1.98331 26.3132 -0.000601015 -0.000283865 -0.00468225 
4.29593 2.4549 27.1604 -0.00140247 -0.000660531 -0.00466816 
3.879 2.93361 26.3129 -0.000432381 -0.000645096 -0.00325334 
4.29919 3.40367 27.1594 -0.0013962 -0.000333214 -0.00518331 
3.89419 3.8942 26.3122 -0.000489305 -0.00050298 -0.00412244 
4.3485 4.34851 27.1558 -0.00122343 -0.000986656 -0.00549245 
0.0965021 0.0965078 28.0144 1.18792e-05 -1.90946e-05 0.00469009 
0.557638 0.557644 28.8818 -0.00012471 -0.000151394 0.00481761 
0.149087 1.03743 28.0175 -3.37133e-05 -0.000271623 0.0053738 
0.575264 1.51042 28.8823 -0.000116978 -0.000318466 0.00104896 
0.151943 1.98292 28.0178 3.08379e-05 -0.000219057 0.00210412 
0.576692 2.45136 28.8819 -0.000140978 -0.000652704 -0.00560265 
0.149901 2.93091 28.0175 -9.77341e-06 -0.000582197 -0.0056382 
0.572536 3.38555 28.8811 -4.36179e-05 -0.000314169 -0.00143257 
0.136284 3.88844 28.0166 -1.50458e-05 -0.000651542 -0.00477216 
0.552646 4.29259 28.8804 -1.27856e-06 -0.0014103 -0.00385464 
1.03742 0.149093 28.0175 -0.000272005 5.70977e-06 0.00512597 
1.51041 0.575271 28.8823 -0.000307812 -0.000147611 -0.00132593 
1.05201 1.05202 28.017 -0.000312708 -0.000271043 0.00268108 
1.51739 1.51739 28.8814 -0.000283488 -0.000331916 -0.00390623 
1.05643 1.9846 28.0167 -0.000333679 -0.00025198 -0.000741319 
1.51848 2.45036 28.8807 -0.000263059 -0.000569199 -0.00351863 
1.05567 2.92322 28.0164 -0.000244954 -0.000139984 -0.00481301 
1.51682 3.3777 28.8803 -6.063e-05 -4.43084e-05 -0.00260094 
1.04773 3.87029 28.0163 0.00032584 -0.000618917 -0.00303501 
1.50818 4.27918 28.8802 -0.000166415 -0.00112834 -0.00445263 
1.98291 0.15195 28.0178 -0.000314895 -3.35849e-05 -0.00038715 
2.45135 0.576699 28.8819 -0.000412348 -0.00015496 -0.000521888 
1.9846 1.05644 28.0167 -0.000212968 9.89773e-05 -0.00310258 
2.45035 1.51849 28.8807 -0.000641314 -0.000333422 -0.00234039 
1.9863 1.98631 28.0159 -0.000234186 -0.000315556 -0.00248 
2.45074 2.45075 28.8798 -0.000700435 -0.000517664 -0.00234485 
1.98656 2.92196 28.0155 -0.00030457 -0.000648851 -0.00533618 
2.45236 3.37728 28.8793 -0.000617807 -0.000557878 -0.00484368 
1.98531 3.86677 28.0156 -0.000249082 -0.000589461 -0.00311517 
2.45391 4.27782 28.8792 -0.00062483 -0.00118387 -0.00459875 
2.93091 0.149908 28.0175 -0.000687161 -4.34774e-05 -0.00421087 
3.38554 0.572543 28.8811 -0.000637709 -3.50179e-05 -0.00327641 
2.92321 1.05567 28.0164 -0.000554229 -0.000248252 -0.00404256 
3.37769 1.51683 28.8803 -8.69958e-05 -0.000238781 -0.00423045 
2.92195 1.98657 28.0155 -0.000353473 -0.000283456 -0.00394929 
3.37727 2.45237 28.8793 -0.000323651 -0.000639179 -0.00410401 
2.92314 2.92315 28.0149 -0.000620302 -0.000223727 -0.00372506 
3.38193 3.38194 28.8782 -0.000234826 -0.000252143 -0.00369255 
2.92957 3.86848 28.0147 -0.000334581 -0.000571273 -0.00475315 
3.39725 4.28119 28.8774 -0.000612819 -0.00114643 -0.00556134 
3.88843 0.136293 28.0166 -0.000512536 -7.12418e-06 -0.00550996 
4.29258 0.552654 28.8804 -0.00141067 2.7931e-05 -0.00469675 
3.87028 1.04774 28.0163 -0.000694141 -0.000332899 -0.0055473 
4.27917 1.50819 28.8802 -0.00125761 -0.000339089 -0.004209 
3.86676 1.98532 28.0156 -0.000402973 -0.00026288 -0.00442006 
4.27781 2.45391 28.8792 -0.00119602 -0.000646426 -0.00465787 
3.86847 2.92958 28.0147 -0.000517568 -0.000267021 -0.00409807 
4.28118 3.39726 28.8774 -0.00108801 -0.000688142 -0.00448668 
3.88522 3.88523 28.0131 -0.000558734 -0.000684627 -0.00287567 
4.33593 4.33594 28.873 -0.00132953 -0.00125563 -0.00514738 
0.110383 0.110388 29.7533 -1.50356e-05 -1.93254e-05 0.00548572 
0.56793 0.567935 30.637 5.5687e-05 -9.95077e-05 0.0027805 
0.168356 1.04522 29.7563 -7.33262e-07 -0.000326242 0.00429401 
0.587114 1.51593 30.6376 -4.60801e-05 -0.00025371 0.00299693 
0.171294 1.9853 29.7563 -3.51817e-05 -0.000270697 0.000826715 
0.588526 2.4509 30.6368 -9.37794e-06 -0.000633105 -0.00237537 
0.169044 2.92811 29.7551 -3.25055e-05 -0.000482898 -0.00549603 
0.58388 3.37872 30.6346 -7.83716e-05 -0.000137814 -0.00563994 
0.154073 3.8815 29.7532 -2.37063e-05 -0.000615975 -0.00469467 
0.561391 4.27749 30.6326 -0.000110129 -0.000966999 -0.00500096 
1.04521 0.168361 29.7563 8.92197e-06 -2.95966e-05 0.00337105 
1.51593 0.587119 30.6376 -0.000313315 -0.000149571 0.00353077 
1.06185 1.06186 29.7557 -0.000253811 -0.000136528 0.00310664 
1.52365 1.52365 30.637 -0.000254784 -0.000192764 -0.000369154 
1.06653 1.98728 29.7551 -0.000196339 -0.000298493 -0.00497855 
1.52473 2.44974 30.6358 -0.000181681 -0.000614137 -0.00150124 
1.06564 2.91929 29.754 1.58024e-05 -0.000579372 -0.00327752 
1.5228 3.36992 30.6339 0.000224073 -0.000469604 -0.005123 
1.05674 3.8609 29.7529 -0.000246344 -0.000682518 -0.00444221 
1.51292 4.26273 30.6327 -5.30033e-06 -0.00140933 -0.00504337 
1.98529 0.1713 29.7563 -0.000269764 1.82813e-05 0.00237765 
2.4509 0.588532 30.6367 -0.000507546 -4.19113e-06 2.10869e-05 
1.98727 1.06654 29.7551 -0.000294481 5.46168e-05 -0.00417247 
2.44974 1.52474 30.6358 -2.44098e-05 -0.000212505 -0.000821156 
1.98909 1.98909 29.754 -3.60769e-05 -0.000342807 -0.00411261 
2.45009 2.45009 30.6344 -0.00049369 -0.000691406 -0.00399222 
1.98931 2.91792 29.7528 -8.73419e-05 -0.000587093 -0.00399407 
2.4518 3.36943 30.6324 -0.000542822 -0.000116412 -0.00460981 
1.98785 3.85716 29.752 -0.000310693 4.34411e-05 -0.0023034 
2.4536 4.26128 30.6311 -0.000301008 -0.000830374 -0.00536483 
2.92811 0.16905 29.7551 -0.000676548 2.80035e-05 -0.00552669 
3.37871 0.583886 30.6346 -0.000683815 5.13358e-05 -0.0051188 
2.91928 1.06565 29.754 -0.000577788 -3.14893e-05 -0.00532749 
3.36992 1.52281 30.6339 -0.000472572 -0.000241344 -0.00245016 
2.91791 1.98932 29.7528 -0.000224775 4.55795e-05 -0.00357092 
3.36943 2.4518 30.6324 -0.000360501 -0.000640951 -0.0022103 
2.91914 2.91915 29.7514 -8.72824e-05 -0.000551893 -0.00393531 
3.37447 3.37448 30.6298 -0.000543388 -0.000265683 -0.00418528 
2.92624 3.85895 29.7502 -0.000558126 -0.000587499 -0.00248747 
3.3918 4.2651 30.6278 -0.000606473 -0.00109122 -0.00486405 
3.8815 0.154079 29.7532 -0.00051917 4.31545e-05 -0.0043672 
4.27749 0.561398 30.6326 -0.00100222 2.6751e-05 -0.00429535 
3.86089 1.05675 29.7529 -0.000593416 -0.000175246 -0.00340656 
4.26272 1.51293 30.6327 -0.00129501 -0.000239049 -0.00496204 
3.85715 1.98785 29.752 -0.000541832 0.000277179 -0.00449111 
4.26128 2.4536 30.6311 -0.00138021 -0.000632316 -0.00496923 
3.85894 2.92625 29.7502 -0.000364331 0.000144972 -0.00395915 
4.2651 3.39181 30.6278 -0.00125558 -0.000433829 -0.00478142 
3.87719 3.8772 29.7476 -8.10217e-05 -0.000683566 -0.00508205 
4.32496 4.32497 30.6221 -0.0011104 -0.00133845 -0.00552559 
0.124095 0.124098 31.5234 -2.08905e-05 -9.73712e-06 0.00484419 
0.57827 0.578272 32.4222 -0.000151566 4.10403e-05 0.00837173 
0.187292 1.05352 31.5272 1.86833e-05 -0.000286266 0.00368402 
0.599221 1.52198 32.4254 -5.86386e-05 9.03103e-05 0.00319003 
0.19076 1.98842 31.5278 3.81985e-05 -0.000290349 0.00342973 
0.60061 2.45162 32.4243 -1.05969e-05 -0.000406985 0.00382469 
0.187928 2.92619 31.5252 -9.33885e-06 -0.000511095 -0.00301345 
0.594904 3.37398 32.4185 3.48951e-05 -0.000367913 -0.0107989 
0.170928 3.87574 31.5207 -6.24389e-07 -0.000400108 -0.00402089 
0.56991 4.26619 32.4129 -4.10031e-05 -0.00111536 -0.00909968 
1.05351 0.187296 31.5272 -0.000290802 -3.45899e-05 0.00316213 
1.52198 0.599224 32.4254 -0.000265422 -4.44052e-06 0.0111543 
1.07233 1.07234 31.5275 5.14139e-05 1.66101e-05 0.00203804 
1.53053 1.53053 32.4276 7.26767e-05 -0.000280536 0.00544921 
1.07744 1.99077 31.5275 -0.000271048 -0.000271087 -0.00345409 
1.53154 2.4502 32.4263 5.32508e-05 -0.000115081 -0.00108267 
1.07619 2.91622 31.525 7.23138e-05 -0.000107879 -0.00395219 
1.52906 3.36388 32.4205 -0.000194112 3.55148e-05 -0.00592242 
1.066 3.85268 31.5213 9.35188e-06 -0.000420312 -0.000521706 
1.51803 4.24917 32.4154 6.98404e-05 -0.00134758 -0.0111338 
1.98841 0.190764 31.5278 -0.000231817 3.65552e-05 0.00332601 
2.45161 0.600614 32.4243 -0.00036223 -0.000133014 0.00621556 
1.99076 1.07744 31.5275 -0.00018347 0.000228437 -0.00353098 
2.45019 1.53155 32.4263 -0.0006804 7.13069e-05 -0.00522685 
1.99268 1.99268 31.527 0.000125014 -0.000180583 -0.0034222 
2.4504 2.4504 32.4248 -0.000374191 -0.000642444 -0.00939201 
1.99277 2.91457 31.5244 -0.000344819 -0.000479291 -0.00480521 
2.45224 3.36317 32.4188 -0.000163264 -0.000497328 -0.00675847 
1.991 3.84842 31.5209 -0.000177196 -0.000429327 -0.00146633 
2.45434 4.24742 32.4136 -0.000170279 -0.00105496 -0.0103785 
2.92619 0.187932 31.5252 -0.000485518 1.33234e-05 -0.00542915 
3.37398 0.594909 32.4185 -0.000639758 3.25259e-05 -0.00234034 
2.91621 1.07619 31.525 -0.000609242 -0.000192548 -0.00369022 
3.36388 1.52907 32.4205 -0.000220967 -0.000183706 -0.00242291 
2.91457 1.99278 31.5244 -0.000505915 -0.000139355 -0.00319319 
3.36317 2.45225 32.4188 -8.0188e-05 -0.000292815 -0.0095986 
2.91587 2.91587 31.5215 -0.000467322 -0.000565926 -0.00264715 
3.36899 3.36899 32.4124 -0.000486611 -0.000269092 -0.00386754 
2.92373 3.85043 31.5176 -0.000435969 -7.44298e-05 -0.00302072 
3.38829 4.25263 32.4066 -0.000489186 -0.00127216 -0.0086782 
3.87574 0.170933 31.5207 -0.000351396 -1.97553e-05 -0.00523422 
4.26619 0.569915 32.4129 -0.00123613 -0.000101021 -0.00753202 
3.85267 1.06601 31.5213 -0.000393209 8.10199e-05 -0.00354324 
4.24916 1.51803 32.4154 -0.00130955 8.87898e-05 -0.0109879 
3.84842 1.99101 31.5209 -0.000335698 -8.99921e-05 -0.00421078 
4.24742 2.45434 32.4136 -0.00132371 -0.000603119 -0.00770947 
3.85042 2.92373 31.5176 -0.000568665 -0.000526571 -0.00443834 
4.25262 3.3883 32.4066 -0.00130457 -0.000118292 -0.00953025 
3.87033 3.87033 31.5124 -0.000447843 0.000128176 -0.00463602 
4.3172 4.3172 32.397 -0.00121621 -0.00140249 -0.00937556 
0.13452 0.134521 33.3172 3.74373e-05 -1.94296e-05 0.00986094 
0.58137 0.581371 34.2319 -0.000158466 -0.000168137 0.00937795 
0.202373 1.06027 33.326 4.71595e-06 -0.000290217 0.0104673 
0.602698 1.52396 34.243 -4.87749e-05 -0.000107763 0.00712958 
0.207025 1.992 33.3294 3.00786e-05 -0.000226118 0.00526286 
0.603544 2.45652 34.2414 0.000120389 2.66021e-05 0.00357064 
0.202907 2.92698 33.3235 3.09068e-05 -0.000539729 0.00742212 
0.597131 3.37874 34.2288 8.96255e-05 -8.4247e-05 0.000587608 
0.183029 3.87397 33.3126 1.78942e-06 -0.000625479 -0.00838074 
0.571767 4.26714 34.2127 -0.000174003 -0.00112496 -0.00569101 
1.06026 0.202375 33.326 -0.00022229 -3.54515e-05 0.00836474 
1.52396 0.602699 34.243 -0.000285272 -0.000162989 0.00409443 
1.08091 1.08091 33.3315 -0.000195187 -8.3938e-05 0.00808511 
1.53244 1.53244 34.2545 -0.000351437 -0.000177245 -0.00279742 
1.08649 1.99469 33.3348 5.51566e-05 -0.000144825 0.00856791 
1.53297 2.45504 34.2529 -0.000284461 5.92118e-05 -0.00701991 
1.08453 2.91636 33.3289 -8.49207e-05 -0.000433151 -0.00695125 
1.53025 3.36806 34.2393 0.000251877 -0.000449702 -0.010872 
1.07292 3.84901 33.3181 0.000291643 -0.000502895 -0.00299734 
1.51965 4.24782 34.2224 -0.000346239 -0.000183621 -0.00996082 
1.992 0.207027 33.3294 -0.00010328 5.90704e-06 0.00590877 
2.45652 0.603546 34.2414 -5.56051e-05 0.000161467 0.00719907 
1.99468 1.0865 33.3348 -0.000109464 -9.57968e-05 0.00241466 
2.45504 1.53297 34.2529 -0.000486852 -0.000221549 -0.00230933 
1.99657 1.99657 33.338 -0.000283763 0.000332041 -0.00735897 
2.45501 2.45501 34.251 -0.000142551 0.000256251 -0.000554327 
1.99639 2.91424 33.3318 -0.000301553 -0.00016911 -0.00389833 
2.45672 3.36735 34.2371 -0.000151383 -0.000308808 -0.00992048 
1.99432 3.84386 33.3204 -0.000211557 -0.000500909 -0.00459991 
2.45856 4.24629 34.2199 -6.66598e-05 -0.000920858 -0.00513121 
2.92698 0.20291 33.3235 -0.000662865 -4.18369e-05 0.00485272 
3.37874 0.597133 34.2288 -0.000200404 0.000160186 -0.00281995 
2.91636 1.08453 33.3289 0.000265889 -0.00025639 -0.00686206 
3.36806 1.53025 34.2393 0.000309012 -0.0003044 -0.0076577 
2.91424 1.99639 33.3318 0.000184687 -0.000148151 -0.0100043 
3.36735 2.45672 34.2371 0.000559572 0.000506539 -0.00195745 
2.91564 2.91564 33.3254 3.47294e-05 0.000514863 -0.0079965 
3.37334 3.37334 34.2235 0.000107767 -0.00012994 -0.00182179 
2.92422 3.8463 33.3141 0.000248133 -0.000383189 -0.00645055 
3.3931 4.25245 34.2066 -0.000573984 -0.00101153 -0.00852857 
3.87397 0.183033 33.3125 0.00054829 1.30554e-05 -0.000187059 
4.26714 0.571768 34.2127 -0.000943234 8.33723e-05 -0.00967694 
3.84901 1.07292 33.3181 -0.000181914 -6.59117e-05 -0.00647095 
4.24781 1.51965 34.2223 -0.000921385 0.000159741 -0.00883773 
3.84386 1.99433 33.3204 -0.000174267 -0.000111486 -0.00143483 
4.24629 2.45856 34.2199 -0.00111259 -0.000233756 -0.00824796 
3.8463 2.92422 33.3141 -0.000179876 0.000698011 -0.00981031 
4.25245 3.3931 34.2066 -0.00138226 -0.000380492 -0.00891249 
3.86783 3.86784 33.302 -0.000493619 -0.00066695 -0.0101231 
4.32021 4.32021 34.1861 -0.00114782 -0.00110994 -0.00834951 
0.125369 0.125369 35.1201 -2.20258e-05 4.81459e-06 0.0101963 
0.531452 0.531452 36.0747 0.000148102 2.62448e-05 0.00570319 
0.194152 1.05124 35.1464 2.87424e-05 0.00012161 0.0101886 
0.540046 1.50866 36.0813 0.000120192 -0.00026708 0.00986706 
0.193927 1.99461 35.1479 -2.8627e-05 0.000231971 0.00562003 
0.540286 2.47686 36.0795 -0.000113183 0.000221144 0.00130085 
0.192027 2.94113 35.1417 -3.6196e-05 -0.000566303 0.0053592 
0.53847 3.4266 36.0726 5.345e-06 0.000420918 0.0103532 
0.172358 3.8912 35.1196 -4.31517e-05 -0.00010608 -0.00213602 
0.526851 4.30729 36.0341 -0.000135222 -0.00085228 -0.0052541 
1.05124 0.194153 35.1464 -5.15144e-05 -4.05602e-05 0.00996512 
1.50866 0.540045 36.0813 0.000241906 0.000165362 0.00789928 
1.06879 1.06879 35.1691 -0.000215787 6.74322e-05 0.00219623 
1.51188 1.51188 36.0847 -1.36528e-05 0.000164582 -0.000924467 
1.07113 1.99721 35.1721 0.000121407 -0.000146513 0.00856453 
1.51208 2.47672 36.0829 0.000214928 0.000330757 0.00541967 
1.07019 2.93393 35.1653 -0.000157772 -4.9404e-05 -0.00395169 
1.51123 3.42385 36.0758 0.000137347 0.000297224 -0.00135528 
1.06008 3.86875 35.1406 0.000296718 -0.000181717 -0.00371758 
1.50493 4.30347 36.0326 -3.04695e-05 -0.00125344 -0.00590211 
1.99461 0.193928 35.1479 -5.58042e-05 7.13348e-06 0.00830935 
2.47686 0.540286 36.0795 0.000163387 0.000172692 0.00989668 
1.99721 1.07113 35.1721 0.000178168 6.81952e-05 0.00448034 
2.47672 1.51208 36.0829 0.000149612 1.34853e-05 0.00205882 
1.99811 1.99811 35.1746 0.000340438 -0.000107093 -0.00101142 
2.47665 2.47665 36.081 0.000101964 -0.000144869 -0.00252267 
1.99794 2.93265 35.1675 7.89466e-05 -0.0005092 -0.00795861 
2.47683 3.42326 36.0737 0.000128838 -9.34258e-05 -0.00788293 
1.99597 3.86555 35.142 -0.000286088 0.000189288 -0.00919695 
2.47534 4.30174 36.0302 0.000544546 -0.00120653 -0.00982486 
2.94113 0.192028 35.1417 -3.54348e-06 -1.99302e-05 0.00629202 
3.4266 0.53847 36.0726 -0.000212493 0.000117169 0.00326869 
2.93393 1.07019 35.1653 -0.000239122 0.000165576 0.00172281 
3.42385 1.51123 36.0758 -0.000206616 9.89048e-05 -0.00621771 
2.93265 1.99794 35.1675 -0.000626124 -6.88224e-05 -0.000949086 
3.42326 2.47683 36.0737 -0.000353071 -0.0003364 -0.0105866 
2.93308 2.93308 35.1601 -0.000500386 -0.000480227 -0.00467976 
3.4233 3.4233 36.0663 -0.000257635 -0.000109632 -0.00482835 
2.9402 3.86657 35.1349 -0.000239069 5.74233e-05 -0.00497299 
3.4346 4.29708 36.0264 -0.000459122 -0.00126985 -0.00612321 
3.89119 0.17236 35.1196 -0.000111465 1.89336e-05 0.00777982 
4.30729 0.52685 36.0341 -0.00090513 -4.80287e-05 -0.00904899 
3.86874 1.06008 35.1406 -0.000173804 -1.70623e-05 -0.00965929 
4.30347 1.50493 36.0326 -0.00119567 -0.00021147 -0.00749624 
3.86555 1.99597 35.142 -0.000613202 0.000242334 -0.00271727 
4.30174 2.47534 36.0302 -0.00104594 0.000394458 -0.00521256 
3.86657 2.9402 35.1349 0.000132116 -6.53292e-05 -0.00862559 
4.29708 3.4346 36.0264 -0.00130137 9.6999e-06 -0.00652125 
3.88645 3.88645 35.1111 0.000436032 0.000206555 -0.008515 
4.36157 4.36157 35.9818 -0.00123311 -0.00101221 -0.0103636 
0 0 36.9706 53.8505 53.8505 -100.774 
0 1 36.9706 97.8423 7.76408 -172.919 
0 2 36.9706 97.5808 -2.48792 -170.79 
0 3 36.9706 97.3192 -17.6213 -171.295 
0 4 36.9706 99.9079 -42.49 -180.843 
1 0 36.9706 7.76408 97.8423 -172.919 
1 1 36.9706 15.1775 15.1775 -288.544 
1 2 36.9706 18.2843 -4.18885 -280.75 
1 3 36.9706 18.0475 -33.7212 -282.699 
1 4 36.9706 16.0045 -78.3325 -312.536 
2 0 36.9706 -2.48735 97.5808 -170.79 
2 1 36.9706 -4.18829 18.2843 -280.75 
2 2 36.9706 -3.55986 -3.55986 -275.194 
2 3 36.9706 -3.63659 -34.0701 -277.467 
2 4 36.9706 -5.23628 -78.558 -310.609 
3 0 36.9706 -17.6213 97.3192 -171.295 
3 1 36.9706 -33.7183 18.0475 -282.699 
3 2 36.9706 -34.0701 -3.63653 -277.467 
3 3 36.9706 -34.2279 -34.2279 -279.416 
3 4 36.9706 -34.5662 -79.3878 -312.103 
4 0 36.9706 -42.4855 99.9079 -180.856 
4 1 36.9706 -78.3363 16.0023 -312.536 
4 2 36.9706 -78.5594 -5.23572 -310.624 
4 3 36.9706 -79.3788 -34.5662 -312.077 
4 4 36.9706 -69.439 -69.439 -355.471 
